0 0.346875 0.1109375 0.1375 0.190625 0 0 0 0 0 0
0 0.28984375 0.303125 0.1203125 0.1203125 0 0 0 0 0 0
0 0.4921875 0.17734375 0.15625 0.1390625 0 0 0 0 0 0
0 0.25703125 0.4921875 0.2 0.1546875 0 0 0 0 0 0
0 0.25390625 0.61953125 0.1203125 0.1921875 0 0 0 0 0 0
0 0.15546875 0.7796875 0.184375 0.1578125 0 0 0 0 0 0
0 0.34296875 0.83984375 0.1859375 0.1640625 0 0 0 0 0 0
0 0.10703125 0.44921875 0.1109375 0.184375 0 0 0 0 0 0
0 0.1125 0.28203125 0.140625 0.196875 0 0 0 0 0 0
0 0.03828125 0.33828125 0.075 0.184375 0 0 0 0 0 0
0 0.03515625 0.11875 0.0703125 0.1234375 0 0 0 0 0 0
0 0.040625 0.03671875 0.08125 0.0734375 0 0 0 0 0 0
0 0.1984375 0.96875 0.1109375 0.0625 0 0 0 0 0 0
0 0.3265625 0.95859375 0.1359375 0.08125 0 0 0 0 0 0
0 0.5703125 0.8 0.115625 0.21875 0 0 0 0 0 0
0 0.64296875 0.9453125 0.1171875 0.109375 0 0 0 0 0 0
0 0.6921875 0.8671875 0.125 0.1875 0 0 0 0 0 0
0 0.72265625 0.76640625 0.084375 0.2078125 0 0 0 0 0 0
0 0.77734375 0.8734375 0.14375 0.153125 0 0 0 0 0 0
0 0.809375 0.70234375 0.115625 0.225 0 0 0 0 0 0
0 0.89453125 0.8796875 0.115625 0.1984375 0 0 0 0 0 0
0 0.86953125 0.7578125 0.0984375 0.2234375 0 0 0 0 0 0
0 0.95390625 0.6921875 0.0921875 0.175 0 0 0 0 0 0
0 0.73125 0.59140625 0.121875 0.18125 0 0 0 0 0 0
0 0.70390625 0.46484375 0.125 0.19375 0 0 0 0 0 0
0 0.83046875 0.5265625 0.1453125 0.1640625 0 0 0 0 0 0
0 0.91484375 0.45859375 0.16875 0.1390625 0 0 0 0 0 0
0 0.92421875 0.378125 0.1515625 0.2 0 0 0 0 0 0
0 0.91875 0.19921875 0.15 0.178125 0 0 0 0 0 0
0 0.7328125 0.16796875 0.2125 0.1140625 0 0 0 0 0 0
0 0.66875 0.0734375 0.1265625 0.146875 0 0 0 0 0 0
0 0.7328125 0.040625 0.0875 0.08125 0 0 0 0 0 0
0 0.6421875 0.26328125 0.146875 0.16875 0 0 0 0 0 0
0 0.6234375 0.36953125 0.0890625 0.1765625 0 0 0 0 0 0
0 0.8671875 0.084375 0.146875 0.16875 0 0 0 0 0 0
0 0.9515625 0.0359375 0.096875 0.071875 0 0 0 0 0 0
0 0.1 0.58046875 0.2 0.140625 0 0 0 0 0 0