0 0.3796875 0.78046875 0.153125 0.1609375 0 0 0 0 0 0
0 0.4296875 0.8625 0.16875 0.10625 0 0 0 0 0 0
0 0.7859375 0.7984375 0.121875 0.175 0 0 0 0 0 0
0 0.65 0.921875 0.1296875 0.15625 0 0 0 0 0 0
0 0.85625 0.9125 0.140625 0.171875 0 0 0 0 0 0
0 0.221875 0.9140625 0.15625 0.171875 0 0 0 0 0 0
0 0.08046875 0.896875 0.13125 0.1859375 0 0 0 0 0 0
0 0.07265625 0.68203125 0.1453125 0.159375 0 0 0 0 0 0
0 0.0328125 0.64609375 0.065625 0.1859375 0 0 0 0 0 0
0 0.109375 0.57421875 0.14375 0.2015625 0 0 0 0 0 0
0 0.1453125 0.39765625 0.14375 0.184375 0 0 0 0 0 0
0 0.04921875 0.290625 0.0921875 0.1546875 0 0 0 0 0 0
0 0.06953125 0.146875 0.1390625 0.184375 0 0 0 0 0 0
0 0.0671875 0.0640625 0.11875 0.128125 0 0 0 0 0 0
0 0.19375 0.13125 0.178125 0.20625 0 0 0 0 0 0
0 0.27890625 0.2640625 0.203125 0.209375 0 0 0 0 0 0
0 0.259375 0.0609375 0.175 0.121875 0 0 0 0 0 0
0 0.321875 0.034375 0.1453125 0.06875 0 0 0 0 0 0
0 0.33828125 0.1734375 0.1578125 0.165625 0 0 0 0 0 0
0 0.44140625 0.1875 0.153125 0.15625 0 0 0 0 0 0
0 0.5421875 0.19453125 0.159375 0.184375 0 0 0 0 0 0
0 0.5921875 0.18046875 0.171875 0.2484375 0 0 0 0 0 0
0 0.7109375 0.23984375 0.1625 0.175 0 0 0 0 0 0
0 0.74921875 0.1125 0.2140625 0.1546875 0 0 0 0 0 0
0 0.825 0.06875 0.1875 0.1375 0 0 0 0 0 0
0 0.86953125 0.34609375 0.1546875 0.2125 0 0 0 0 0 0
0 0.721875 0.46875 0.2171875 0.14375 0 0 0 0 0 0
0 0.49609375 0.37578125 0.175 0.175 0 0 0 0 0 0
0 0.5078125 0.4625 0.178125 0.13125 0 0 0 0 0 0
0 0.4546875 0.53046875 0.18125 0.1375 0 0 0 0 0 0
0 0.45234375 0.63515625 0.178125 0.1203125 0 0 0 0 0 0
0 0.60390625 0.3328125 0.2 0.1546875 0 0 0 0 0 0
0 0.2875 0.48515625 0.1390625 0.175 0 0 0 0 0 0
0 0.06875 0.1796875 0.1375 0.184375 0 0 0 0 0 0