0 0.47421875 0.8 0.1375 0.228125 0.8741071874999999 0.5366071875 2 0.69375 0.5464284375 2
0 0.58828125 0.62890625 0.1375 0.19375 0.5848215625 0.44821437499999994 2 0.7178571875 0.3785715625 2
0 0.59921875 0.84453125 0.171875 0.16875 0.9 0.4375 2 0.7642856250000001 0.3348215625 2
0 0.66328125 0.925 0.1546875 0.15 0.9080356249999999 0.379464375 2 0.983035625 0.26607156249999997 2
0 0.74296875 0.76484375 0.190625 0.1984375 0.7196428125 0.3089284375 2 0.8276784375 0.1714284375 2
0 0.7859375 0.32265625 0.178125 0.1875 0.2625 0.258035625 2 0.4133928125 0.1598215625 2
0 0.71171875 0.1046875 0.1703125 0.209375 0.0125 0.32946437500000003 2 0.1741071875 0.28125 2
0 0.47734375 0.10546875 0.153125 0.19375 0.1625 0.48660718750000004 2 0.026785625 0.59375 2
0 0.28125 0.2421875 0.1484375 0.159375 0.21696437500000001 0.7723215625 2 0.3098215625 0.6526784375 2
0 0.1984375 0.08046875 0.1125 0.1609375 0.0044643750000000005 0.8464284375 2 0.1553571875 0.7651784375 2
0 0.08515625 0.23828125 0.134375 0.153125 0.29375 0.9723215625 2 0.173214375 0.875 2
0 0.14453125 0.48203125 0.165625 0.128125 0.5089284375 0.79375 2 0.44375 0.9330356249999999 2
0 0.17890625 0.9671875 0.1875 0.065625 0.9898896875000001 0.90625 2 0.966423125 0.8157490624999999 0
0 0.05546875 0.9703125 0.08125 0.059375 0.9696428125000001 0.9287471875 0 0.948529375 0.9209559374999999 2
0 0.9109375 0.18828125 0.1765625 0.203125 0.12767843750000002 0.1428571875 2 0.27589281250000003 0.0348215625 2
0 0.84140625 0.0484375 0.1171875 0.096875 0.04718625 0.13623812500000002 0 0.091911875 0.1102940625 2
0 0.97109375 0.08984375 0.05625 0.15625 0.033088125 0.0128675 2 0.0878246875 0.0269840625 0
0 0.28359375 0.62109375 0.140625 0.234375 0.7 0.7464284375 2 0.5107143749999999 0.6973215625 2
0 0.06484375 0.078125 0.1296875 0.15625 0.076190625 0.9102815625 0 0.14705875 0.9071690625000001 2
0 0.94140625 0.34765625 0.1171875 0.1546875 0.28660718749999997 0.09107156250000001 2 0.4 0 2