0 0.10703125 0.39765625 0.18046875 0.1171875 0.039285625000000005 0.4133928125 2 0.19375 0.36071437500000003 2
0 0.04609375 0.540625 0.0921875 0.1296875 0.044588749999999996 0.5150153125 0 0.0836396875 0.48529406249999996 2
0 0.2375 0.65703125 0.18046875 0.11171875 0.3133928125 0.6133928125 2 0.15446437500000001 0.6901784375 2
0 0.36796875 0.61328125 0.1390625 0.1375 0.33125 0.6410715625 2 0.41875 0.5553571875000001 2
0 0.46796875 0.64609375 0.15625 0.12265625 0.41875 0.6455356250000001 2 0.5321428125 0.6428571875 2
0 0.45 0.72421875 0.17890625 0.12109375 0.39107156249999997 0.7044643749999999 2 0.5303571875 0.7553571875 2
0 0.25546875 0.92734375 0.1421875 0.12890625 0.22053562499999999 0.960714375 2 0.3223215625 0.8714284375 2
0 0.09453125 0.96484375 0.08203125 0.06953125 0.093398125 0.9514021874999999 0 0.1167278125 0.9393381249999999 2
0 0.42109375 0.94921875 0.14296875 0.1015625 0.41926406250000003 0.9289728125 0 0.48345593750000004 0.90625 2
0 0.52421875 0.92734375 0.1375 0.14453125 0.5723215625 0.9821428125 2 0.46875 0.8633928125000001 2
0 0.5921875 0.86015625 0.16484375 0.17578125 0.5678571875 0.8142856249999999 2 0.658035625 0.9366071874999999 2
0 0.90234375 0.8046875 0.1796875 0.14453125 0.9589284375 0.8401784375 2 0.8223215625 0.7446428125 2
0 0.815625 0.89921875 0.13515625 0.12890625 0.7919643749999999 0.9357143750000001 2 0.8696428125000001 0.858035625 2
0 0.95 0.5859375 0.1 0.1703125 0.9901784375 0.651785625 2 0.9508928125 0.5125 2
0 0.73515625 0.4 0.1984375 0.12109375 0.6633928124999999 0.3875 2 0.8214284375 0.4151784375 2
0 0.87109375 0.425 0.12578125 0.15390625 0.9151784375 0.475 2 0.820535625 0.35892843750000003 2
0 0.93125 0.35234375 0.1375 0.1859375 0.9732143750000001 0.423214375 2 0.8875 0.273214375 2
0 0.6734375 0.3234375 0.2015625 0.11328125 0.5964284375 0.3401784375 2 0.7705356250000001 0.2839284375 2
0 0.584375 0.2 0.1453125 0.2 0.6053571875 0.26607156249999997 2 0.575 0.10714281249999999 2
0 0.80546875 0.19453125 0.1875 0.1578125 0.8508928125 0.233035625 2 0.725 0.1383928125 2
0 0.8453125 0.0609375 0.178125 0.121875 0.7875 0.073214375 2 0.9303571875 0.0223215625 2
0 0.9234375 0.16640625 0.1296875 0.2 0.951785625 0.2428571875 2 0.948214375 0.0696428125 2
0 0.9765625 0.15078125 0.04609375 0.13046875 0.9760821875 0.12510656250000002 0 0.957720625 0.2086396875 2