0 0.65703125 0.58828125 0.175 0.16875 0 0 0 0 0 0
0 0.59453125 0.30078125 0.15625 0.175 0 0 0 0 0 0
0 0.403125 0.6140625 0.2203125 0.1375 0 0 0 0 0 0
0 0.38984375 0.29296875 0.1203125 0.196875 0 0 0 0 0 0
0 0.20234375 0.23671875 0.13125 0.209375 0 0 0 0 0 0
0 0.3046875 0.46328125 0.14375 0.203125 0 0 0 0 0 0
0 0.89296875 0.4859375 0.14375 0.184375 0 0 0 0 0 0
0 0.93203125 0.2109375 0.1359375 0.1875 0 0 0 0 0 0
0 0.83046875 0.94140625 0.140625 0.1171875 0 0 0 0 0 0
0 0.51640625 0.94765625 0.096875 0.1046875 0 0 0 0 0 0
0 0.17109375 0.62421875 0.175 0.109375 0 0 0 0 0 0
0 0.128125 0.52265625 0.1421875 0.134375 0 0 0 0 0 0
0 0.0453125 0.65234375 0.090625 0.1484375 0 0 0 0 0 0
0 0.8453125 0.0359375 0.103125 0.071875 0 0 0 0 0 0
0 0.60625 0.0234375 0.06875 0.046875 0 0 0 0 0 0