0 0.196875 0.08828125 0.1890625 0.1359375 0.2642190625 0.1128640625 2 0.1161259375 0.065239375 2
0 0.05703125 0.12578125 0.11328125 0.14609375 0.0887253125 0.0743728125 2 0.058478125000000006 0.12997125 0
0 0.0734375 0.02890625 0.0796875 0.05703125 0.0756184375 0.040061875000000004 0 0.0756184375 0.0303 0
0 0.02109375 0.0296875 0.04140625 0.059375 0.021509062500000002 0.0414275 0 0.021509062500000002 0.031333125 0
0 0.42265625 0.053125 0.18515625 0.10625 0.47168031250000003 0.0437103125 2 0.338591875 0.0561059375 2
0 0.48671875 0.1140625 0.13515625 0.16953125 0.5147381249999999 0.05414875 2 0.4599371875 0.18919406249999998 2
0 0.6984375 0.046875 0.171875 0.09296875 0.6957871875 0.06510031250000001 0 0.6197734374999999 0.050886562499999996 2
0 0.79375 0.06015625 0.121875 0.1203125 0.7678665625 0.09655406250000001 2 0.7917878125 0.0636990625 0
0 0.90546875 0.065625 0.1203125 0.13125 0.8813831249999999 0.10960218749999999 2 0.9079928125000001 0.06955249999999999 0
0 0.96875 0.14453125 0.06171875 0.08359375 0.9661940625 0.141569375 2 0.987070625 0.15266 0
0 0.91796875 0.1859375 0.15625 0.11640625 0.8637684374999999 0.15722687500000002 2 0.99229 0.23355687500000002 2
0 0.82890625 0.18203125 0.12578125 0.1640625 0.8200581250000001 0.12786906250000002 2 0.8559396874999999 0.255085625 2
0 0.71015625 0.15 0.20234375 0.12109375 0.7678665625 0.1317834375 2 0.61846875 0.1957178125 2
0 0.83671875 0.2609375 0.18203125 0.1375 0.7691715625 0.2315996875 2 0.9153074999999999 0.32228218750000004 2
0 0.715625 0.28984375 0.1390625 0.17109375 0.6837078125 0.23355687500000002 2 0.773738125 0.3659925 2
0 0.67421875 0.33671875 0.16796875 0.128125 0.61846875 0.30336281249999997 2 0.7476425 0.37447375 2
0 0.52109375 0.2375 0.20078125 0.14453125 0.5936778125 0.21920406250000002 2 0.4292746875 0.27922437499999997 2
0 0.5578125 0.33671875 0.1765625 0.175 0.6067256249999999 0.393393125 2 0.484728125 0.274005 2
0 0.31171875 0.2421875 0.12578125 0.1796875 0.331415625 0.3027103125 2 0.260305 0.16048875 2
0 0.1453125 0.20625 0.15234375 0.12265625 0.08611593749999999 0.2505190625 2 0.2133325 0.1552696875 2
0 0.190625 0.296875 0.16640625 0.1140625 0.13961218749999998 0.31249625000000003 2 0.2642190625 0.28770531250000003 2
0 0.04296875 0.2921875 0.08515625 0.096875 0.0254434375 0.28183375 2 0.0440265625 0.2946459375 0
0 0.08359375 0.3546875 0.1671875 0.096875 0.13830718749999998 0.37316875 2 0.08637281249999999 0.35823625 0
0 0.190625 0.39296875 0.1609375 0.09375 0.2537809375 0.369254375 2 0.1193878125 0.4018740625 2
0 0.2671875 0.3828125 0.1203125 0.1546875 0.2413853125 0.32228218750000004 2 0.3183678125 0.45080375000000006 2
0 0.0609375 0.4171875 0.121875 0.09453125 0.11547343750000001 0.4286221875 2 0.0628471875 0.419833125 0
0 0.08984375 0.4859375 0.17265625 0.1 0.1552696875 0.4788565625 2 0.0065240624999999995 0.49516625000000003 2
0 0.2625 0.49765625 0.171875 0.12578125 0.324891875 0.51082375 2 0.18984625 0.46319906250000004 2
0 0.11796875 0.55625 0.1640625 0.0890625 0.179408125 0.5395290625 2 0.050886562499999996 0.57280125 2
0 0.03671875 0.59375 0.0734375 0.06171875 0.06002031249999999 0.5851965625 2 0.037977187499999995 0.595725625 0
0 0.05703125 0.671875 0.1140625 0.1375 0.10307812499999999 0.7254612500000001 2 0.0591503125 0.6764590625 0
0 0.03203125 0.78203125 0.06328125 0.10078125 0.0319671875 0.782219375 2 0.0443628125 0.7639521874999999 0
0 0.16953125 0.746875 0.1390625 0.17578125 0.1781034375 0.8194056249999999 1 0.1546171875 0.666745625 2
0 0.1296875 0.8359375 0.15078125 0.1125 0.18527968749999998 0.8063578124999999 2 0.0665440625 0.8787734374999999 2
0 0.30234375 0.80390625 0.17109375 0.1203125 0.3751259375 0.7920053125 2 0.22311843750000002 0.8409346875000001 2
0 0.52265625 0.70625 0.17109375 0.13671875 0.5767156250000001 0.6837078125 2 0.4475415625 0.7287231249999999 2
0 0.59921875 0.61328125 0.19609375 0.14296875 0.67848875 0.6191209375 2 0.5088665625 0.6230353125 2
0 0.59296875 0.8234375 0.178125 0.14453125 0.6439118749999999 0.8657256249999999 2 0.5160428125000001 0.7959196875 2
0 0.609375 0.94765625 0.17265625 0.10390625 0.606389375 0.9272431250000001 0 0.545400625 0.904869375 2
0 0.76796875 0.9359375 0.18203125 0.128125 0.8298440625 0.9407509375 2 0.6843603125 0.9720656249999999 2
0 0.48046875 0.940625 0.14375 0.10859375 0.41687906249999995 0.9361840625 2 0.5434434375 0.977285 2
0 0.34140625 0.94296875 0.21875 0.1140625 0.33821625 0.920414375 0 0.2413853125 0.9244409375 2
0 0.16640625 0.96640625 0.2078125 0.06640625 0.0788090625 0.9564081249999999 2 0.1630865625 0.9649421874999999 0
0 0.1515625 0.90546875 0.17734375 0.0890625 0.2164640625 0.8905165625 2 0.0833759375 0.9263981250000001 2
0 0.96328125 0.95234375 0.0734375 0.0765625 0.9627559375000001 0.9382553124999999 0 0.9394459375 0.9651503124999999 2
0 0.76015625 0.84609375 0.18671875 0.1328125 0.6778365625 0.8490243749999999 2 0.8455015625 0.8288003125 2
0 0.8828125 0.7890625 0.2265625 0.1171875 0.8298440625 0.7789575 2 0.988375625 0.7985290625 2
0 0.7453125 0.75078125 0.18203125 0.11796875 0.8057056250000001 0.7274184375 2 0.66413625 0.781566875 2
0 0.8796875 0.69140625 0.19921875 0.0796875 0.9720656249999999 0.69414625 2 0.7874384375 0.6921890625 2
0 0.96953125 0.66640625 0.0609375 0.0765625 0.96815125 0.655655 2 0.9691415624999999 0.6649515625 0
0 0.9078125 0.61328125 0.15390625 0.0921875 0.9714134375000001 0.6158590625 2 0.838325 0.6308640624999999 2
0 0.95546875 0.56953125 0.0890625 0.1125 0.9263981250000001 0.5512721875000001 2 0.9540178125000001 0.5660778125 0
0 0.93984375 0.43515625 0.11953125 0.12890625 0.9382221875000001 0.46089531250000004 0 0.904869375 0.4892946875 2
0 0.48671875 0.425 0.1421875 0.1296875 0.531048125 0.38882625000000004 2 0.42601281249999995 0.48211843749999994 2
0 0.440625 0.51640625 0.1796875 0.09296875 0.5056046875 0.508214375 2 0.35881625 0.5480103125 2
0 0.56953125 0.50625 0.1546875 0.0828125 0.6347784375 0.49647125000000003 2 0.4984284375 0.49320906249999996 2
0 0.65 0.45 0.1484375 0.16875 0.636735625 0.38882625000000004 2 0.6843603125 0.52582875 2
0 0.07109375 0.02265625 0.071875 0.0453125 0.070055 0.031494375000000005 0 0.070055 0.0238203125 0