0 0.7453125 0.6609375 0.125 0.1984375 0 0 0 0 0 0
0 0.56875 0.6984375 0.1265625 0.1875 0 0 0 0 0 0
0 0.6125 0.57421875 0.19375 0.11875 0 0 0 0 0 0
0 0.58828125 0.87890625 0.159375 0.1578125 0 0 0 0 0 0
0 0.49765625 0.915625 0.13125 0.16875 0 0 0 0 0 0
0 0.4234375 0.97578125 0.090625 0.0484375 0 0 0 0 0 0
0 0.15234375 0.9171875 0.1828125 0.1625 0 0 0 0 0 0
0 0.02109375 0.84375 0.0421875 0.075 0 0 0 0 0 0
0 0.0578125 0.64375 0.115625 0.1125 0 0 0 0 0 0
0 0.16875 0.24609375 0.15 0.225 0 0 0 0 0 0
0 0.28046875 0.02890625 0.1375 0.0578125 0 0 0 0 0 0
0 0.94921875 0.10625 0.1015625 0.1890625 0 0 0 0 0 0