0 0.13125 0.26640625 0.175 0.1625 0 0 0 0 0 0
0 0.1453125 0.425 0.2 0.146875 0 0 0 0 0 0
0 0.53046875 0.2 0.18125 0.14375 0 0 0 0 0 0
0 0.7921875 0.11328125 0.1296875 0.225 0 0 0 0 0 0
0 0.53203125 0.3609375 0.2125 0.146875 0 0 0 0 0 0
0 0.45078125 0.43671875 0.15625 0.1125 0 0 0 0 0 0
0 0.67734375 0.33671875 0.19375 0.14375 0 0 0 0 0 0
0 0.7359375 0.25546875 0.1328125 0.1625 0 0 0 0 0 0
0 0.82265625 0.3125 0.096875 0.1515625 0 0 0 0 0 0
0 0.02265625 0.5109375 0.0453125 0.134375 0 0 0 0 0 0
0 0.4859375 0.0328125 0.1109375 0.065625 0 0 0 0 0 0