0 0.90078125 0.18046875 0.1859375 0.2078125 0 0 0 0 0 0
0 0.63984375 0.10234375 0.2046875 0.134375 0 0 0 0 0 0
0 0.64296875 0.23203125 0.19375 0.125 0 0 0 0 0 0
0 0.50390625 0.22890625 0.2015625 0.11875 0 0 0 0 0 0
0 0.32265625 0.2140625 0.18125 0.1546875 0 0 0 0 0 0
0 0.19296875 0.3234375 0.1875 0.1375 0 0 0 0 0 0
0 0.91953125 0.05859375 0.1609375 0.1171875 0 0 0 0 0 0
0 0.81796875 0.0296875 0.16875 0.059375 0 0 0 0 0 0
0 0.4375 0.02734375 0.1625 0.0546875 0 0 0 0 0 0
0 0.31640625 0.08515625 0.18125 0.10625 0 0 0 0 0 0
0 0.25390625 0.1546875 0.178125 0.125 0 0 0 0 0 0
0 0.0765625 0.04296875 0.153125 0.0859375 0 0 0 0 0 0
0 0.25625 0.02890625 0.2078125 0.0578125 0 0 0 0 0 0
0 0.03984375 0.296875 0.0796875 0.13125 0 0 0 0 0 0
0 0.48828125 0.3359375 0.1875 0.115625 0 0 0 0 0 0
0 0.35234375 0.37890625 0.1828125 0.1375 0 0 0 0 0 0
0 0.8578125 0.3890625 0.184375 0.1484375 0 0 0 0 0 0
0 0.39765625 0.5484375 0.20625 0.1328125 0 0 0 0 0 0
0 0.503125 0.50703125 0.209375 0.1359375 0 0 0 0 0 0
0 0.69296875 0.3953125 0.175 0.1375 0 0 0 0 0 0
0 0.6140625 0.43515625 0.184375 0.109375 0 0 0 0 0 0
0 0.72109375 0.5 0.146875 0.11875 0 0 0 0 0 0
0 0.87421875 0.46875 0.1609375 0.1671875 0 0 0 0 0 0
0 0.959375 0.528125 0.08125 0.1125 0 0 0 0 0 0
0 0.73203125 0.5828125 0.15625 0.15 0 0 0 0 0 0
0 0.7984375 0.6171875 0.18125 0.2078125 0 0 0 0 0 0
0 0.984375 0.6859375 0.03125 0.075 0 0 0 0 0 0
0 0.903125 0.8265625 0.1828125 0.134375 0 0 0 0 0 0
0 0.97734375 0.9109375 0.04375 0.059375 0 0 0 0 0 0
0 0.61484375 0.81328125 0.2265625 0.1390625 0 0 0 0 0 0
0 0.634375 0.96328125 0.153125 0.0734375 0 0 0 0 0 0
0 0.07265625 0.596875 0.1453125 0.1859375 0 0 0 0 0 0
0 0.22578125 0.71484375 0.1875 0.1296875 0 0 0 0 0 0
0 0.3515625 0.7671875 0.2109375 0.13125 0 0 0 0 0 0
0 0.34921875 0.66875 0.15625 0.1125 0 0 0 0 0 0
0 0.40078125 0.85078125 0.2140625 0.13125 0 0 0 0 0 0
0 0.1734375 0.88203125 0.1734375 0.121875 0 0 0 0 0 0
0 0.15625 0.95390625 0.16875 0.0921875 0 0 0 0 0 0
0 0.31484375 0.92578125 0.19375 0.1421875 0 0 0 0 0 0
0 0.04140625 0.90703125 0.0828125 0.096875 0 0 0 0 0 0
0 0.04375 0.97421875 0.0875 0.05 0 0 0 0 0 0
0 0.128125 0.80625 0.209375 0.1125 0 0 0 0 0 0
0 0.11015625 0.76171875 0.19375 0.078125 0 0 0 0 0 0
0 0.4515625 0.66328125 0.175 0.075 0 0 0 0 0 0
0 0.50078125 0.64609375 0.125 0.175 0 0 0 0 0 0
0 0.02890625 0.6859375 0.0578125 0.10625 0 0 0 0 0 0