0 0.38515625 0.6109375 0.1390625 0.209375 0.535714375 0.6214284375 2 0.710714375 0.6375 2
0 0.31796875 0.1421875 0.134375 0.178125 0.085714375 0.7241071875 2 0.2223215625 0.626785625 2
0 0.09296875 0.1890625 0.178125 0.184375 0.1508928125 0.9660715625 2 0.2714284375 0.8321428125000001 2
0 0.16484375 0.08203125 0.1578125 0.15 0.12946437500000002 0.8089284375 2 0.0133928125 0.9017856249999999 2
0 0.490625 0.34140625 0.1375 0.18125 0.40535718750000005 0.5303571875 2 0.25714281250000004 0.5098215625 2
0 0.4796875 0.4828125 0.134375 0.1765625 0.41428562500000005 0.5508928125 2 0.5616071875 0.504464375 2
0 0.7859375 0.36484375 0.2125 0.1171875 0.3741071875 0.2910715625 2 0.39107156249999997 0.110714375 2
0 0.7984375 0.0578125 0.0875 0.115625 0.055844375 0.183854375 0 0.1066175 0.203125 2
0 0.684375 0.03984375 0.11875 0.0796875 0.038999374999999996 0.29214281249999996 0 0.0698528125 0.34007343749999996 2
0 0.70390625 0.5203125 0.13125 0.1703125 0.470535625 0.26696437500000003 2 0.591964375 0.35 2
0 0.81953125 0.49921875 0.15 0.165625 0.4633928125 0.2285715625 2 0.56875 0.1178571875 2
0 0.6890625 0.6453125 0.18125 0.16875 0.5910715625 0.3473215625 1 0.716964375 0.25625 2
0 0.67578125 0.8171875 0.15 0.18125 0.7633928125 0.36785718749999996 2 0.9017856249999999 0.276785625 2
0 0.80859375 0.86484375 0.1328125 0.1859375 0.7991071875 0.2151784375 2 0.9526784375 0.16071437500000002 2
0 0.92265625 0.721875 0.1546875 0.128125 0.7288603124999999 0 2 0.7150734375 0.145220625 2
0 0.9796875 0.3890625 0.040625 0.1421875 0.39921531250000003 0.014569687500000001 0 0.39981625 0.0395221875 2
0 0.51484375 0.93828125 0.1171875 0.1234375 0.9136028125 0.4944853125 2 0.9369859375 0.48249031249999996 0