0 0.30078125 0.12578125 0.1875 0.15859375 0.364285625 0.095535625 2 0.2178571875 0.19464281249999998 2
0 0.325 0.3140625 0.11640625 0.23359375 0.33839281250000003 0.2401784375 2 0.3 0.40178562500000004 2
0 0.50234375 0.20703125 0.1578125 0.13046875 0.43839281249999995 0.2 2 0.5723215625 0.20714281250000002 2
0 0.7 0.30078125 0.175 0.16015625 0.6535715625 0.24732156249999998 2 0.7571428124999999 0.35982156249999997 2
0 0.640625 0.2203125 0.20625 0.11796875 0.5732143749999999 0.2196428125 2 0.7375 0.226785625 2
0 0.96015625 0.26640625 0.0796875 0.14296875 0.9356618750000001 0.2738971875 2 0.95906375 0.26214468750000003 0
0 0.57109375 0.53359375 0.1765625 0.14765625 0.5125 0.5741071875 2 0.6446428125 0.46875 2
0 0.34765625 0.65390625 0.15234375 0.1125 0.4116071875 0.6696428125 2 0.279464375 0.6348215625 2
0 0.73046875 0.68828125 0.17734375 0.13671875 0.65625 0.6758928125 2 0.8151784375 0.6901784375 2
0 0.925 0.509375 0.15 0.12265625 0.9227271874999999 0.4851784375 0 0.8538603124999999 0.5101103124999999 2
0 0.95859375 0.63515625 0.0828125 0.075 0.9572240624999999 0.619985625 0 0.9209559374999999 0.6461396875000001 2
0 0.93125 0.903125 0.1375 0.11875 0.9926471875 0.9411765624999999 2 0.8722424999999999 0.8602940625000001 2
0 0.76953125 0.8953125 0.10703125 0.17421875 0.7723215625 0.829464375 2 0.7491071875 0.9723215625 2
0 0.65625 0.8609375 0.19609375 0.15078125 0.714285625 0.8392856249999999 2 0.5723215625 0.9214284375 2
0 0.6984375 0.93203125 0.08046875 0.1359375 0.7053571875 0.99375 2 0.685714375 0.8776784375 2
0 0.62109375 0.953125 0.1046875 0.09375 0.623161875 0.9255515624999999 2 0.6202921875 0.9509921875 0
0 0.52890625 0.9390625 0.12109375 0.12109375 0.5267318750000001 0.915265625 0 0.473345625 0.8823528125 2
0 0.16953125 0.94140625 0.13515625 0.1171875 0.1678571875 0.9183809374999999 0 0.170036875 0.8869484375000001 2
0 0.06015625 0.82421875 0.11953125 0.13515625 0.05671 0.7973446875 0 0.111213125 0.8713234375000001 2
0 0.490625 0.75234375 0.14765625 0.09453125 0.435714375 0.7633928125 2 0.5598215625 0.7348215625 2
0 0.02109375 0.14140625 0.0421875 0.1640625 0.0207790625 0.1097365625 0 0.00643375 0.21231624999999998 2
0 0.9078125 0.03984375 0.1390625 0.0796875 0.8979778125 0.020220625 2 0.9059253125 0.0375246875 0
0 0.81953125 0.0140625 0.084375 0.02734375 0.818181875 0.008364375 0 0.8097424999999999 0.0238971875 2
0 0.76953125 0.96953125 0.10234375 0.06015625 0.7676409375000001 0.957363125 0 0.7261028125 0.9549631249999999 2
0 0.0125 0.90703125 0.025 0.04765625 0.017463125 0.90625 2 0.0027575 0.9080881249999999 0