0 0.45859375 0.85390625 0.2 0.13125 0 0 0 0 0 0
0 0.1046875 0.7015625 0.178125 0.18125 0 0 0 0 0 0
0 0.4265625 0.68515625 0.1375 0.1546875 0 0 0 0 0 0
0 0.68046875 0.67578125 0.1625 0.1390625 0 0 0 0 0 0
0 0.515625 0.61015625 0.18125 0.15 0 0 0 0 0 0
0 0.278125 0.61171875 0.175 0.1125 0 0 0 0 0 0
0 0.17734375 0.51171875 0.15625 0.1625 0 0 0 0 0 0
0 0.07265625 0.53828125 0.14375 0.1421875 0 0 0 0 0 0
0 0.23515625 0.40390625 0.1609375 0.140625 0 0 0 0 0 0
0 0.31796875 0.52109375 0.1640625 0.125 0 0 0 0 0 0
0 0.39140625 0.4265625 0.153125 0.1890625 0 0 0 0 0 0
0 0.39375 0.28828125 0.1359375 0.2 0 0 0 0 0 0
0 0.575 0.47109375 0.121875 0.190625 0 0 0 0 0 0
0 0.68125 0.46328125 0.0984375 0.1734375 0 0 0 0 0 0
0 0.8046875 0.4703125 0.1546875 0.1828125 0 0 0 0 0 0
0 0.9375 0.83671875 0.1140625 0.2 0 0 0 0 0 0
0 0.7421875 0.89453125 0.15625 0.115625 0 0 0 0 0 0
0 0.60390625 0.9515625 0.1859375 0.096875 0 0 0 0 0 0
0 0.1921875 0.13359375 0.128125 0.1859375 0 0 0 0 0 0
0 0.30546875 0.08515625 0.115625 0.1703125 0 0 0 0 0 0
0 0.496875 0.1359375 0.1875 0.16875 0 0 0 0 0 0
0 0.6109375 0.05078125 0.13125 0.1015625 0 0 0 0 0 0
0 0.65 0.11953125 0.165625 0.1890625 0 0 0 0 0 0
0 0.87890625 0.175 0.165625 0.178125 0 0 0 0 0 0
0 0.74921875 0.04453125 0.16875 0.0875 0 0 0 0 0 0
0 0.89296875 0.05234375 0.1734375 0.1046875 0 0 0 0 0 0
0 0.95859375 0.1703125 0.08125 0.1640625 0 0 0 0 0 0
0 0.95859375 0.31015625 0.08125 0.0875 0 0 0 0 0 0
0 0.9546875 0.41328125 0.090625 0.1171875 0 0 0 0 0 0
0 0.68828125 0.28671875 0.1 0.1625 0 0 0 0 0 0
0 0.6265625 0.27421875 0.1015625 0.16875 0 0 0 0 0 0
0 0.50859375 0.32421875 0.16875 0.0921875 0 0 0 0 0 0
0 0.521875 0.23203125 0.121875 0.1625 0 0 0 0 0 0
0 0.74609375 0.3109375 0.0734375 0.18125 0 0 0 0 0 0
0 0.78046875 0.3296875 0.16875 0.11875 0 0 0 0 0 0
0 0.51484375 0.03125 0.1046875 0.0625 0 0 0 0 0 0
0 0.36328125 0.01875 0.0828125 0.0375 0 0 0 0 0 0
0 0.703125 0.9703125 0.153125 0.059375 0 0 0 0 0 0