0 0.31328125 0.94453125 0.2 0.1109375 0.029411874999999997 0.3832721875 2 0.0928309375 0.21875 2
0 0.05390625 0.62265625 0.1078125 0.15625 0.42463249999999997 0 2 0.3134190625 0.095588125 2
0 0.23515625 0.24375 0.103125 0.234375 0.854779375 0.24264718749999997 2 0.6443015625 0.251838125 2
0 0.29375 0.246875 0.071875 0.159375 0.6875 0.2886028125 2 0.81893375 0.265625 2
0 0.4890625 0.15859375 0.15 0.196875 0.9145221875 0.5055146875000001 2 0.7444853124999999 0.4476103125 2
0 0.590625 0.27734375 0.140625 0.2 0.801470625 0.607536875 2 0.6305146875000001 0.5753675 2
0 0.93671875 0.084375 0.125 0.16875 0.91287875 0.9121321874999999 0 0.8648896875000001 0.8915440625000001 2
0 0.9609375 0.72734375 0.078125 0.190625 0.339154375 0.9972424999999999 2 0.1819853125 0.973345625 2
0 0.92578125 0.92109375 0.140625 0.1578125 0.1323528125 0.9273896875000001 2 0.08143937500000001 0.9299171875000001 0
0 0.84453125 0.53828125 0.109375 0.1609375 0.50919125 0.86580875 2 0.3915440625 0.8088234375000001 2
0 0.79765625 0.84921875 0.125 0.18125 0.07444843749999999 0.801470625 2 0.2334559375 0.77481625 2
0 0.7828125 0.959375 0.140625 0.08125 0.04214 0.811365 0 0.073529375 0.792279375 2
0 0.4078125 0.4109375 0.13125 0.18125 0.6443015625 0.42555156250000004 2 0.5073528125 0.3584559375 2