0 0.35 0.71171875 0.1890625 0.171875 0 0 0 0 0 0
0 0.13046875 0.73984375 0.18125 0.1359375 0 0 0 0 0 0
0 0.11015625 0.86796875 0.1984375 0.121875 0 0 0 0 0 0
0 0.91875 0.7296875 0.1625 0.125 0 0 0 0 0 0
0 0.9375 0.55078125 0.125 0.06875 0 0 0 0 0 0
0 0.9125 0.4734375 0.15 0.071875 0 0 0 0 0 0
0 0.9390625 0.34765625 0.11875 0.1875 0 0 0 0 0 0
0 0.64375 0.31875 0.1875 0.140625 0 0 0 0 0 0
0 0.71015625 0.10546875 0.14375 0.15 0 0 0 0 0 0
0 0.9359375 0.034375 0.11875 0.06875 0 0 0 0 0 0
0 0.6046875 0.08125 0.115625 0.1625 0 0 0 0 0 0
0 0.05703125 0.03671875 0.1140625 0.0734375 0 0 0 0 0 0
0 0.478125 0.1234375 0.1734375 0.125 0 0 0 0 0 0
0 0.35859375 0.13671875 0.178125 0.15625 0 0 0 0 0 0
0 0.29765625 0.19140625 0.18125 0.16875 0 0 0 0 0 0
0 0.43203125 0.284375 0.125 0.1703125 0 0 0 0 0 0
0 0.53671875 0.48046875 0.165625 0.146875 0 0 0 0 0 0
0 0.471875 0.5765625 0.1859375 0.115625 0 0 0 0 0 0
0 0.34453125 0.53203125 0.196875 0.10625 0 0 0 0 0 0
0 0.25703125 0.4375 0.1671875 0.1109375 0 0 0 0 0 0
0 0.06328125 0.41796875 0.1265625 0.15 0 0 0 0 0 0
0 0.05234375 0.52578125 0.1046875 0.11875 0 0 0 0 0 0
0 0.040625 0.6546875 0.08125 0.10625 0 0 0 0 0 0
0 0.459375 0.975 0.146875 0.05 0 0 0 0 0 0