0 0.67734375 0.42578125 0.2 0.1703125 0.7464284375 0.379464375 2 0.59375 0.4785715625 2
0 0.7640625 0.30703125 0.18671875 0.14296875 0.7089284375 0.2776784375 2 0.8455356249999999 0.3428571875 2
0 0.871875 0.19375 0.20078125 0.1515625 0.8178571874999999 0.1625 2 0.958035625 0.2526784375 2
0 0.34296875 0.1984375 0.175 0.12890625 0.41964281249999996 0.208035625 2 0.2625 0.2285715625 2
0 0.91015625 0.04296875 0.1640625 0.0859375 0.8409924999999999 0.042279375 2 0.9871325000000001 0.0211396875 2
0 0.6515625 0.1 0.16796875 0.11953125 0.71875 0.0848215625 2 0.5776784375 0.12678562499999999 2
0 0.51953125 0.10234375 0.11953125 0.1765625 0.49553562500000004 0.0258928125 2 0.5517856250000001 0.1776784375 2
0 0.4140625 0.0578125 0.13125 0.115625 0.4127434375 0.0350753125 0 0.45036750000000003 0.109375 2
0 0.6046875 0.0328125 0.15 0.065625 0.6525734375 0.0321690625 2 0.6021915625 0.0312003125 0
0 0.27734375 0.0265625 0.19296875 0.05234375 0.27475625 0.0159190625 0 0.1902575 0.035845625 2
0 0.16953125 0.37421875 0.1890625 0.1515625 0.1178571875 0.345535625 2 0.2491071875 0.43303562500000004 2
0 0.065625 0.2546875 0.13125 0.1359375 0 0.22142843750000002 2 0.120535625 0.3026784375 2
0 0.23984375 0.6484375 0.2078125 0.14140625 0.30535718749999996 0.6339284375 2 0.1410715625 0.6839284375 2
0 0.2328125 0.75703125 0.20546875 0.1109375 0.15178562499999998 0.748214375 2 0.31875 0.75625 2
0 0.69296875 0.7421875 0.1859375 0.2 0.745535625 0.7017856250000001 2 0.6080356250000001 0.8366071875 2
0 0.7390625 0.88515625 0.1828125 0.2171875 0.754464375 0.826785625 2 0.6973215625 0.983035625 2
0 0.225 0.87734375 0.18359375 0.1390625 0.2625 0.826785625 2 0.15 0.94375 2
0 0.10703125 0.95546875 0.1921875 0.0890625 0.1727940625 0.9705881249999999 2 0.0151784375 0.9339284375 2