0 0.14453125 0.38359375 0.1890625 0.1109375 0 0 0 0 0 0
0 0.084375 0.10234375 0.16875 0.1515625 0 0 0 0 0 0
0 0.4984375 0.16171875 0.190625 0.15 0 0 0 0 0 0
0 0.63125 0.0328125 0.121875 0.065625 0 0 0 0 0 0
0 0.665625 0.340625 0.1875 0.134375 0 0 0 0 0 0
0 0.7328125 0.553125 0.1859375 0.171875 0 0 0 0 0 0
0 0.7875 0.7203125 0.171875 0.165625 0 0 0 0 0 0
0 0.75078125 0.80546875 0.140625 0.171875 0 0 0 0 0 0
0 0.653125 0.9734375 0.15625 0.053125 0 0 0 0 0 0
0 0.56015625 0.87265625 0.253125 0.11875 0 0 0 0 0 0
0 0.50703125 0.81484375 0.2015625 0.10625 0 0 0 0 0 0
0 0.44140625 0.93984375 0.1875 0.1140625 0 0 0 0 0 0
0 0.38046875 0.8484375 0.1375 0.134375 0 0 0 0 0 0
0 0.046875 0.90234375 0.09375 0.175 0 0 0 0 0 0
0 0.1859375 0.72890625 0.1640625 0.153125 0 0 0 0 0 0
0 0.2921875 0.675 0.171875 0.2125 0 0 0 0 0 0
0 0.0125 0.65546875 0.025 0.065625 0 0 0 0 0 0