0 0.50390625 0.5375 0.1671875 0.1125 0.439285625 0.525 2 0.5821428125 0.53125 2
0 0.35390625 0.6234375 0.14140625 0.17265625 0.3375 0.6821428125 2 0.39375 0.5446428125 2
0 0.3375 0.73984375 0.1625 0.1109375 0.26696437500000003 0.7348215625 2 0.4151784375 0.7035715625 2
0 0.23984375 0.74453125 0.15234375 0.13984375 0.20714281250000002 0.7991071875 2 0.2839284375 0.7008928125 2
0 0.65703125 0.6515625 0.1078125 0.2125 0.6464284375 0.5839284375 2 0.6910715625 0.7392856250000001 2
0 0.803125 0.54765625 0.15625 0.10703125 0.7428571875000001 0.529464375 2 0.8732143750000001 0.5821428125 2
0 0.8421875 0.49921875 0.125 0.11875 0.7982143749999999 0.5383928124999999 2 0.891964375 0.45357156249999997 2
0 0.68984375 0.48984375 0.16875 0.11171875 0.616964375 0.4901784375 2 0.7642856250000001 0.4758928125 2
0 0.5390625 0.4203125 0.1203125 0.16015625 0.5482143749999999 0.4723215625 2 0.51875 0.3464284375 2
0 0.66640625 0.38515625 0.16875 0.13203125 0.616964375 0.38214281250000004 2 0.745535625 0.35625 2
0 0.81796875 0.33828125 0.1734375 0.11328125 0.7535715625 0.333035625 2 0.8991071875 0.33839281250000003 2
0 0.30546875 0.41328125 0.1703125 0.15703125 0.2276784375 0.40535718750000005 2 0.3839284375 0.40625 2
0 0.39765625 0.36484375 0.1671875 0.10390625 0.32678562499999997 0.3616071875 2 0.46964281249999995 0.383035625 2
0 0.371875 0.2765625 0.17421875 0.1078125 0.29732156249999997 0.28125 2 0.45357156249999997 0.2910715625 2
0 0.06875 0.75078125 0.13359375 0.10078125 0.0321428125 0.7696428125 2 0.1303571875 0.7276784375 2
0 0.14921875 0.50234375 0.20390625 0.13203125 0.0883928125 0.48125 2 0.23839281250000002 0.554464375 2
0 0.16328125 0.66953125 0.2 0.10703125 0.0991071875 0.6991071875 2 0.24464281250000003 0.6633928124999999 2
0 0.09140625 0.61015625 0.1734375 0.0984375 0.0214284375 0.6044643749999999 2 0.1660715625 0.6214284375 2
0 0.1734375 0.31328125 0.13203125 0.15078125 0.15357156249999998 0.258035625 2 0.22410718749999997 0.38214281250000004 2
0 0.7 0.85 0.1390625 0.17890625 0.7258928124999999 0.7696428125 2 0.6982143749999999 0.9285715625 2
0 0.76640625 0.67265625 0.1609375 0.10625 0.725 0.6821428125 2 0.8410715625 0.6526784375 2
0 0.4453125 0.17734375 0.13125 0.14375 0.4008928125 0.12321437500000001 2 0.48125 0.239285625 2
0 0.1859375 0.19296875 0.12421875 0.1875 0.1660715625 0.135714375 2 0.23035718749999998 0.28125 2
0 0.08515625 0.2546875 0.16328125 0.11640625 0.048214375 0.254464375 2 0.16071437500000002 0.229464375 2
0 0.08359375 0.36015625 0.16328125 0.1 0.027678437500000003 0.345535625 2 0.15803562499999999 0.3741071875 2
0 0.1609375 0.84140625 0.21015625 0.13359375 0.09375 0.8348215625 2 0.2508928125 0.8741071874999999 2
0 0.4765625 0.946875 0.14375 0.10625 0.41875 0.9464284375 2 0.5446428125 0.9839284375 2
0 0.30703125 0.959375 0.1640625 0.08125 0.2491071875 0.9660715625 2 0.3839284375 0.9723215625 2
0 0.91171875 0.6484375 0.08203125 0.1484375 0.9125 0.7098215625 2 0.929464375 0.5794643749999999 2
0 0.8109375 0.75703125 0.1625 0.11640625 0.776785625 0.7651784375 2 0.8910715625 0.725 2
0 0.80234375 0.871875 0.14375 0.1296875 0.7616071875 0.85 2 0.8651784375 0.925 2
0 0.86640625 0.82578125 0.1765625 0.11328125 0.8089284375 0.8446428125000001 2 0.9508928125 0.7982143749999999 2
0 0.93359375 0.86484375 0.1328125 0.13359375 0.910845625 0.9044118750000001 2 0.9314665625 0.8614581250000001 0
0 0.92734375 0.7421875 0.1453125 0.08828125 0.8869484375000001 0.745404375 2 0.9250271874999999 0.7399553125 0
0 0.26796875 0.175 0.12890625 0.14453125 0.273214375 0.21875 2 0.29821437500000003 0.10625 2
0 0.3140625 0.0859375 0.13046875 0.17109375 0.304464375 0.045535625 2 0.35892843750000003 0.1678571875 2
0 0.56796875 0.20625 0.1453125 0.14296875 0.6196428125 0.22142843750000002 2 0.5008928125 0.1428571875 2
0 0.6828125 0.1796875 0.1046875 0.19375 0.6901784375 0.10357156249999999 2 0.6508928125 0.27410718749999996 2
0 0.66953125 0.08359375 0.11875 0.1671875 0.6848215625 0.0114284375 2 0.6455356250000001 0.1578571875 2
0 0.42421875 0.059375 0.1375 0.11875 0.4448528125 0.0909925 2 0.42202375 0.055991875 0
0 0.77578125 0.08125 0.14609375 0.10234375 0.7375 0.09357156250000001 2 0.8419643750000001 0.0614284375 2
0 0.89140625 0.12890625 0.1234375 0.18671875 0.9125 0.19357156250000002 2 0.858035625 0.050714375 2
0 0.7875 0.175 0.125 0.125 0.7508928125 0.1426784375 2 0.83125 0.229285625 2
0 0.85703125 0.24140625 0.1328125 0.08671875 0.8008928125000001 0.219464375 2 0.91875 0.265 2
0 0.88046875 0.03046875 0.1765625 0.0609375 0.8142856249999999 0.041785625 2 0.9535715625 0.0078571875 2
0 0.665625 0.94375 0.13125 0.1125 0.6397059375 0.9163603124999999 2 0.6640965624999999 0.94109625 0
0 0.06328125 0.44453125 0.1265625 0.08828125 0.061471874999999995 0.4267115625 0 0.11948531250000001 0.4375 2
0 0.9484375 0.31015625 0.103125 0.1234375 0.9246325000000001 0.30330875 2 0.9473484375 0.3063740625 0
0 0.28828125 0.86328125 0.2359375 0.1265625 0.1785715625 0.895535625 2 0.3348215625 0.8625 2
0 0.2578125 0.9234375 0.15390625 0.09375 0.20031249999999998 0.9324999999999999 2 0.3303571875 0.9160715625 2
0 0.13125 0.93359375 0.17109375 0.09453125 0.073214375 0.923214375 2 0.20714281250000002 0.9223215625 2
0 0.61015625 0.31171875 0.19453125 0.13984375 0.5366071875 0.30625 2 0.7017856250000001 0.31785718749999997 2
0 0.49296875 0.31484375 0.15390625 0.1328125 0.4339284375 0.3535715625 2 0.5571428125 0.2928571875 1
0 0.96171875 0.16328125 0.0765625 0.10703125 0.9384190625000001 0.1571690625 2 0.9604437499999999 0.1604165625 0
0 0.959375 0.05859375 0.08125 0.1015625 0.94393375 0.0753675 2 0.9586040625000001 0.0561009375 0
0 0.96484375 0.11796875 0.06953125 0.04296875 0.9641231250000001 0.1093796875 0 0.948529375 0.1213234375 2
0 0.89765625 0.95859375 0.1625 0.0828125 0.826785625 0.9723215625 2 0.9741071874999999 0.9616071875 2
0 0.79609375 0.95546875 0.1265625 0.0890625 0.7945075 0.9376953125 0 0.8511028125 0.9181984375000001 2
0 0.03515625 0.93046875 0.0703125 0.05546875 0.0341990625 0.919406875 0 0.0634190625 0.9227940625000001 2
0 0.04765625 0.8421875 0.0953125 0.1125 0.0463203125 0.8197106249999999 0 0.0854778125 0.8088234375000001 2
0 0.02578125 0.55078125 0.05078125 0.0796875 0.024675312499999998 0.5347275 0 0.048713125 0.5413603124999999 2
0 0.4921875 0.03359375 0.125 0.0671875 0.484375 0.029411874999999997 2 0.49096312500000006 0.0320434375 0
0 0.02578125 0.6953125 0.05078125 0.1046875 0.024675312499999998 0.674425 0 0.0386028125 0.6691175 2
0 0.94453125 0.63984375 0.1109375 0.0921875 0.943263125 0.621540625 0 0.8979778125 0.6369484375 2
0 0.046875 0.0734375 0.09375 0.0890625 0.05514718749999999 0.05422781250000001 2 0.0454546875 0.0707340625 0
0 0.02265625 0.03828125 0.0453125 0.0765625 0.0220778125 0.023203750000000002 0 0.0101103125 0.05606625 2
0 0.03515625 0.11328125 0.06953125 0.07421875 0.03376625 0.0982871875 0 0.0477940625 0.1130515625 2