0 0.3671875 0.29921875 0.1203125 0.2015625 0 0 0 0 0 0
0 0.33984375 0.4328125 0.175 0.1453125 0 0 0 0 0 0
0 0.48125 0.33671875 0.1484375 0.221875 0 0 0 0 0 0
0 0.5875 0.20234375 0.1734375 0.13125 0 0 0 0 0 0
0 0.77578125 0.12109375 0.1515625 0.125 0 0 0 0 0 0
0 0.84140625 0.2859375 0.16875 0.165625 0 0 0 0 0 0
0 0.90234375 0.44296875 0.125 0.1625 0 0 0 0 0 0
0 0.8609375 0.63515625 0.19375 0.15 0 0 0 0 0 0
0 0.953125 0.5765625 0.09375 0.1328125 0 0 0 0 0 0
0 0.89921875 0.08515625 0.159375 0.16875 0 0 0 0 0 0
0 0.721875 0.03203125 0.0828125 0.0625 0 0 0 0 0 0
0 0.1734375 0.0328125 0.16875 0.065625 0 0 0 0 0 0
0 0.1609375 0.4046875 0.1203125 0.175 0 0 0 0 0 0
0 0.08359375 0.42109375 0.1265625 0.196875 0 0 0 0 0 0
0 0.10078125 0.56640625 0.159375 0.15 0 0 0 0 0 0
0 0.1015625 0.66875 0.090625 0.171875 0 0 0 0 0 0
0 0.32265625 0.6140625 0.15 0.19375 0 0 0 0 0 0
0 0.52421875 0.55546875 0.1578125 0.146875 0 0 0 0 0 0
0 0.5390625 0.66484375 0.1578125 0.1875 0 0 0 0 0 0
0 0.60625 0.74296875 0.15625 0.16875 0 0 0 0 0 0
0 0.71484375 0.70859375 0.1359375 0.159375 0 0 0 0 0 0
0 0.5796875 0.88984375 0.1875 0.1109375 0 0 0 0 0 0
0 0.45859375 0.86796875 0.1625 0.1921875 0 0 0 0 0 0
0 0.396875 0.67265625 0.1375 0.16875 0 0 0 0 0 0
0 0.29765625 0.77421875 0.125 0.1828125 0 0 0 0 0 0
0 0.35859375 0.91015625 0.09375 0.1796875 0 0 0 0 0 0
0 0.265625 0.9125 0.115625 0.175 0 0 0 0 0 0
0 0.4421875 0.9609375 0.1140625 0.078125 0 0 0 0 0 0
0 0.16796875 0.80546875 0.128125 0.1734375 0 0 0 0 0 0
0 0.17578125 0.87734375 0.1421875 0.171875 0 0 0 0 0 0
0 0.0421875 0.79296875 0.084375 0.203125 0 0 0 0 0 0
0 0.0328125 0.70703125 0.065625 0.1734375 0 0 0 0 0 0
0 0.14765625 0.9609375 0.2046875 0.078125 0 0 0 0 0 0
0 0.5953125 0.95703125 0.1 0.0859375 0 0 0 0 0 0
0 0.70859375 0.3734375 0.203125 0.153125 0 0 0 0 0 0
0 0.66171875 0.265625 0.178125 0.1203125 0 0 0 0 0 0