0 0.78359375 0.88515625 0.19375 0.1234375 0 0 0 0 0 0
0 0.61640625 0.584375 0.1203125 0.1875 0 0 0 0 0 0
0 0.7171875 0.3859375 0.121875 0.1734375 0 0 0 0 0 0
0 0.79609375 0.28125 0.125 0.1609375 0 0 0 0 0 0
0 0.8671875 0.20078125 0.1046875 0.1703125 0 0 0 0 0 0
0 0.90078125 0.30390625 0.1359375 0.146875 0 0 0 0 0 0
0 0.61953125 0.07421875 0.1390625 0.1484375 0 0 0 0 0 0
0 0.2859375 0.25078125 0.14375 0.1671875 0 0 0 0 0 0
0 0.0828125 0.3046875 0.153125 0.2171875 0 0 0 0 0 0
0 0.15234375 0.5953125 0.15 0.2078125 0 0 0 0 0 0
0 0.1109375 0.9265625 0.1375 0.146875 0 0 0 0 0 0
0 0.03984375 0.83046875 0.0796875 0.1578125 0 0 0 0 0 0
0 0.97109375 0.05 0.0578125 0.1 0 0 0 0 0 0