0 0.58828125 0.34296875 0.16875 0.175 0.45267843750000003 0.7125 2 0.33839281250000003 0.5767856250000001 2
0 0.30078125 0.40546875 0.175 0.15625 0.6357143749999999 0.5571428125 2 0.7776784375 0.6392856250000001 2
0 0.6140625 0.596875 0.1375 0.2203125 0.3964284375 0.320535625 2 0.364285625 0.5035715625 2
0 0.29296875 0.61015625 0.196875 0.1203125 0.63125 0.404464375 2 0.7973215625 0.39196437500000003 2
0 0.23671875 0.79765625 0.209375 0.13125 0.6696428125 0.2 2 0.85 0.2098215625 2
0 0.46328125 0.6953125 0.203125 0.14375 0.6008928124999999 0.35089281250000004 2 0.451785625 0.25625 2
0 0.4859375 0.10703125 0.184375 0.14375 0.5767856250000001 0.8973215625 2 0.435714375 0.9017856249999999 2
0 0.2109375 0.06796875 0.1875 0.1359375 0.8290440625000001 0.9034924999999999 2 0.7864446875 0.928373125 0
0 0.94140625 0.16953125 0.1171875 0.140625 0.079963125 0.8584559374999999 2 0.0568753125 0.8266246875000001 0
0 0.94765625 0.48359375 0.1046875 0.096875 0.050649374999999996 0.4972665625 0 0.078125 0.535845625 2
0 0.62421875 0.82890625 0.109375 0.175 0.40625 0.2464284375 2 0.333035625 0.09285718750000001 2
0 0.52265625 0.871875 0.134375 0.1421875 0.4339284375 0.18571437500000001 2 0.5375 0.070535625 2
0 0.65234375 0.9546875 0.1484375 0.090625 0.3464884375 0.0275365625 0 0.39981625 0.0854778125 2
0 0.0359375 0.1546875 0.071875 0.103125 0.9627975 0.8251081250000001 0 0.9476103124999999 0.8731618750000001 2
0 0.0234375 0.39375 0.046875 0.06875 0.976406875 0.5936465625 0 0.9678309374999999 0.6194853124999999 2