0 0.46796875 0.95859375 0.134375 0.0828125 0 0 0 0 0 0
0 0.95078125 0.85703125 0.0984375 0.1546875 0 0 0 0 0 0
0 0.4703125 0.39921875 0.1828125 0.1390625 0 0 0 0 0 0
0 0.75234375 0.23203125 0.1671875 0.13125 0 0 0 0 0 0
0 0.7796875 0.1265625 0.1625 0.1703125 0 0 0 0 0 0
0 0.5796875 0.19453125 0.14375 0.1609375 0 0 0 0 0 0
0 0.35 0.20390625 0.1125 0.1625 0 0 0 0 0 0
0 0.23359375 0.6078125 0.19375 0.1265625 0 0 0 0 0 0
0 0.1296875 0.69453125 0.18125 0.109375 0 0 0 0 0 0
0 0.0921875 0.57890625 0.184375 0.15625 0 0 0 0 0 0
0 0.3140625 0.47734375 0.178125 0.1125 0 0 0 0 0 0
0 0.2515625 0.4265625 0.1359375 0.190625 0 0 0 0 0 0
0 0.1203125 0.43984375 0.171875 0.1421875 0 0 0 0 0 0
0 0.0890625 0.4015625 0.1125 0.15 0 0 0 0 0 0
0 0.14453125 0.14453125 0.1453125 0.19375 0 0 0 0 0 0
0 0.2234375 0.23203125 0.20625 0.1296875 0 0 0 0 0 0
0 0.11015625 0.3140625 0.1453125 0.090625 0 0 0 0 0 0
0 0.35859375 0.040625 0.1515625 0.08125 0 0 0 0 0 0
0 0.53125 0.06015625 0.165625 0.11875 0 0 0 0 0 0
0 0.025 0.17421875 0.05 0.0796875 0 0 0 0 0 0
0 0.03828125 0.08515625 0.075 0.0984375 0 0 0 0 0 0