0 0.70234375 0.48984375 0.18671875 0.1296875 0.773214375 0.4651784375 2 0.6142856250000001 0.5401784375 2
0 0.5296875 0.46328125 0.18359375 0.11484375 0.46071437499999995 0.48214281249999996 2 0.6151784375 0.41964281249999996 2
0 0.57265625 0.66796875 0.19375 0.12734375 0.48482156249999997 0.6535715625 2 0.651785625 0.6973215625 2
0 0.84609375 0.7640625 0.1375 0.1859375 0.866964375 0.7035715625 2 0.8053571875 0.8446428125000001 2
0 0.7328125 0.796875 0.0984375 0.16015625 0.74375 0.7258928124999999 2 0.7080356250000001 0.866964375 2
0 0.19765625 0.88125 0.20078125 0.1109375 0.110714375 0.8910715625 2 0.26517843750000003 0.8767856249999999 2
0 0.2515625 0.7859375 0.1984375 0.09609375 0.325 0.7758928125 2 0.1696428125 0.804464375 2
0 0.28359375 0.93671875 0.16640625 0.12109375 0.3553571875 0.9321428125000001 2 0.20625 0.9866071875 2
0 0.67578125 0.26796875 0.18984375 0.11875 0.6 0.2901784375 2 0.7508928125 0.239285625 2
0 0.8859375 0.25703125 0.18046875 0.12890625 0.8160715625 0.2875 2 0.9696428125000001 0.229464375 2
0 0.32578125 0.34140625 0.17265625 0.10078125 0.4 0.370535625 2 0.2428571875 0.310714375 2
0 0.16015625 0.33984375 0.15 0.15234375 0.09107156250000001 0.32857156249999997 2 0.2276784375 0.3866071875 2
0 0.3359375 0.43046875 0.1828125 0.1046875 0.40178562500000004 0.43303562500000004 2 0.25535718749999997 0.420535625 2
0 0.27265625 0.690625 0.19921875 0.1171875 0.1875 0.6991071875 2 0.3571428125 0.70625 2
0 0.3921875 0.6671875 0.15703125 0.13359375 0.3321428125 0.6392856250000001 2 0.45357156249999997 0.7223215625 2
0 0.07734375 0.60859375 0.1546875 0.08984375 0.074891875 0.59064375 0 0.14705875 0.6176471875 2
0 0.06328125 0.5015625 0.12578125 0.14609375 0.1121325 0.5257353124999999 2 0.061128125 0.4977184375 0
0 0.16796875 0.45625 0.16015625 0.11796875 0.23035718749999998 0.4964284375 2 0.0991071875 0.423214375 2
0 0.29296875 0.52421875 0.1734375 0.1078125 0.366964375 0.5205356250000001 1 0.21428562499999998 0.5464284375 2
0 0.91171875 0.45234375 0.175 0.15859375 0.8741071874999999 0.39196437500000003 2 0.976785625 0.5089284375 2
0 0.95234375 0.72578125 0.0953125 0.15859375 0.9507846875 0.6944549999999999 0 0.9209559374999999 0.78768375 2
0 0.8484375 0.94453125 0.12421875 0.1109375 0.8731618750000001 0.942095625 2 0.8467803125 0.9415675 0
0 0.53828125 0.86640625 0.1609375 0.10625 0.595535625 0.8785715625 2 0.4651784375 0.8419643750000001 2
0 0.62421875 0.75078125 0.175 0.0953125 0.5535715625 0.7401784375 2 0.70625 0.78125 2
0 0.4796875 0.2984375 0.16796875 0.0875 0.5455356250000001 0.2821428125 2 0.4035715625 0.304464375 2
0 0.37109375 0.2375 0.17109375 0.08203125 0.44375 0.23660718749999998 2 0.29375 0.23214281250000002 2
0 0.21640625 0.16328125 0.16328125 0.11484375 0.273214375 0.1375 2 0.141964375 0.198214375 2
0 0.10703125 0.08984375 0.15546875 0.1625 0.15357156249999998 0.0428571875 2 0.045535625 0.15625 2
0 0.44765625 0.1828125 0.1109375 0.16640625 0.42678562500000006 0.120535625 2 0.485714375 0.2535715625 2
0 0.5609375 0.19296875 0.12890625 0.15390625 0.5714284375 0.13214281249999998 2 0.5535715625 0.26607156249999997 2
0 0.64453125 0.1296875 0.1796875 0.0828125 0.7214284375 0.1348215625 2 0.56875 0.120535625 2
0 0.7671875 0.18984375 0.1640625 0.08984375 0.6964284375 0.195535625 2 0.84375 0.195535625 2
0 0.8765625 0.1296875 0.1859375 0.11015625 0.9446428125 0.135714375 2 0.79375 0.1339284375 2
0 0.8625 0.0484375 0.175 0.08125 0.7919643749999999 0.040178437500000004 2 0.9428571874999999 0.0464284375 2
0 0.33671875 0.1578125 0.1671875 0.09609375 0.39910718749999996 0.18482156249999998 2 0.26696437500000003 0.1428571875 1
0 0.63125 0.940625 0.10859375 0.11875 0.6142856250000001 0.9 2 0.6295996875000001 0.9373262499999999 0
0 0.9328125 0.3203125 0.13359375 0.0859375 1 0.3290440625 2 0.88125 0.320535625 2
0 0.553125 0.0609375 0.17265625 0.07734375 0.4883928125 0.0625 2 0.6258928125 0.0625 2
0 0.3421875 0.07890625 0.16875 0.1140625 0.4026784375 0.1098215625 2 0.2901784375 0.0303571875 2
0 0.43359375 0.06796875 0.13515625 0.09765625 0.38214281250000004 0.04375 2 0.48660718750000004 0.09821437499999999 2
0 0.6671875 0.05390625 0.16328125 0.10546875 0.7241071875 0.028571562499999998 2 0.6008928124999999 0.09464281249999999 2
0 0.75078125 0.04140625 0.0984375 0.0828125 0.7494684375 0.024909999999999998 0 0.783088125 0.0634190625 2
0 0.6234375 0.83359375 0.13984375 0.1234375 0.6678571875 0.7883928124999999 1 0.5794643749999999 0.8723215625 1
0 0.07890625 0.946875 0.13359375 0.10625 0.025735312500000003 0.9448528125 2 0.0909925 0.9613971875 0
0 0.7125 0.971875 0.115625 0.05625 0.676470625 0.9696690625000001 2 0.7270221875 0.979779375 0
0 0.9359375 0.91484375 0.12734375 0.1078125 0.9090075000000001 0.9145221875 2 0.93422625 0.9117312500000001 0
0 0.9625 0.609375 0.075 0.0828125 0.96136375 0.5929496875 0 0.9365809374999999 0.6213234375 2
0 0.39375 0.60703125 0.1515625 0.09296875 0.42678562500000006 0.5714284375 2 0.3464284375 0.6357143749999999 2
0 0.40078125 0.9671875 0.17265625 0.06484375 0.43841906249999996 0.973345625 2 0.397835625 0.9656 0
0 0.95859375 0.39609375 0.0828125 0.09453125 0.9572240624999999 0.377706875 0 0.9273896875000001 0.3584559375 2
0 0.40703125 0.5375 0.18515625 0.07890625 0.48214281249999996 0.5348215625 2 0.325 0.5508928125 2