0 0.18515625 0.7390625 0.184375 0.128125 0 0 0 0 0 0
0 0.3390625 0.78671875 0.2171875 0.140625 0 0 0 0 0 0
0 0.52890625 0.93828125 0.1640625 0.1234375 0 0 0 0 0 0
0 0.69140625 0.89296875 0.1453125 0.1890625 0 0 0 0 0 0
0 0.8078125 0.90546875 0.15625 0.1890625 0 0 0 0 0 0
0 0.6453125 0.58046875 0.1421875 0.190625 0 0 0 0 0 0
0 0.50234375 0.53046875 0.171875 0.140625 0 0 0 0 0 0
0 0.81015625 0.47734375 0.1203125 0.15625 0 0 0 0 0 0
0 0.68203125 0.3453125 0.2109375 0.125 0 0 0 0 0 0
0 0.97421875 0.3375 0.0515625 0.115625 0 0 0 0 0 0
0 0.6796875 0.03671875 0.13125 0.0734375 0 0 0 0 0 0