0 0.4609375 0.46328125 0.134375 0.19375 0 0 0 0 0 0
0 0.78046875 0.46328125 0.15625 0.253125 0 0 0 0 0 0
0 0.9375 0.5765625 0.125 0.0875 0 0 0 0 0 0
0 0.7484375 0.7453125 0.2109375 0.1375 0 0 0 0 0 0
0 0.46953125 0.8578125 0.153125 0.2125 0 0 0 0 0 0
0 0.59921875 0.9203125 0.2125 0.134375 0 0 0 0 0 0
0 0.040625 0.50390625 0.08125 0.2140625 0 0 0 0 0 0
0 0.02890625 0.23203125 0.05625 0.1203125 0 0 0 0 0 0
0 0.42734375 0.959375 0.1390625 0.08125 0 0 0 0 0 0
0 0.3109375 0.70546875 0.1921875 0.1375 0 0 0 0 0 0
0 0.27578125 0.5765625 0.15 0.2 0 0 0 0 0 0