0 0.5203125 0.4484375 0.140625 0.165625 0 0 0 0 0 0
0 0.53359375 0.68515625 0.140625 0.1875 0 0 0 0 0 0
0 0.34765625 0.6625 0.134375 0.1875 0 0 0 0 0 0
0 0.2140625 0.86015625 0.146875 0.190625 0 0 0 0 0 0
0 0.1921875 0.97421875 0.0921875 0.0515625 0 0 0 0 0 0
0 0.74609375 0.85 0.1578125 0.203125 0 0 0 0 0 0
0 0.946875 0.44375 0.10625 0.1734375 0 0 0 0 0 0
0 0.86875 0.24921875 0.134375 0.165625 0 0 0 0 0 0
0 0.81328125 0.1234375 0.1296875 0.18125 0 0 0 0 0 0
0 0.7328125 0.05859375 0.1140625 0.115625 0 0 0 0 0 0
0 0.603125 0.21640625 0.13125 0.2 0 0 0 0 0 0
0 0.50390625 0.23359375 0.06875 0.19375 0 0 0 0 0 0
0 0.49140625 0.0875 0.1515625 0.175 0 0 0 0 0 0
0 0.42890625 0.03984375 0.146875 0.078125 0 0 0 0 0 0
0 0.11328125 0.03359375 0.1265625 0.0671875 0 0 0 0 0 0
0 0.0484375 0.08046875 0.096875 0.1609375 0 0 0 0 0 0
0 0.02421875 0.3484375 0.0484375 0.1390625 0 0 0 0 0 0
0 0.10625 0.39453125 0.153125 0.1125 0 0 0 0 0 0
0 0.03203125 0.4875 0.0625 0.1578125 0 0 0 0 0 0
0 0.07890625 0.5796875 0.109375 0.203125 0 0 0 0 0 0
0 0.24609375 0.4 0.134375 0.196875 0 0 0 0 0 0
0 0.33515625 0.4671875 0.128125 0.1984375 0 0 0 0 0 0