0 0.47421875 0.8 0.1375 0.228125 0 0 0 0 0 0
0 0.58828125 0.62890625 0.1375 0.19375 0 0 0 0 0 0
0 0.59921875 0.84453125 0.171875 0.16875 0 0 0 0 0 0
0 0.66328125 0.925 0.1546875 0.15 0 0 0 0 0 0
0 0.74296875 0.76484375 0.190625 0.196875 0 0 0 0 0 0
0 0.7859375 0.32265625 0.178125 0.1875 0 0 0 0 0 0
0 0.71171875 0.1046875 0.1703125 0.209375 0 0 0 0 0 0
0 0.47734375 0.10546875 0.153125 0.19375 0 0 0 0 0 0
0 0.28125 0.2421875 0.1484375 0.159375 0 0 0 0 0 0
0 0.1984375 0.08046875 0.1125 0.1609375 0 0 0 0 0 0
0 0.08515625 0.23828125 0.134375 0.153125 0 0 0 0 0 0
0 0.14453125 0.48203125 0.165625 0.128125 0 0 0 0 0 0
0 0.17890625 0.9671875 0.1875 0.065625 0 0 0 0 0 0
0 0.05546875 0.9703125 0.08125 0.059375 0 0 0 0 0 0
0 0.9109375 0.18828125 0.1765625 0.203125 0 0 0 0 0 0
0 0.84140625 0.0484375 0.1171875 0.096875 0 0 0 0 0 0
0 0.97109375 0.08984375 0.05625 0.15625 0 0 0 0 0 0
0 0.28359375 0.62109375 0.140625 0.234375 0 0 0 0 0 0
0 0.06484375 0.078125 0.1296875 0.15625 0 0 0 0 0 0
0 0.94140625 0.34765625 0.1171875 0.1546875 0 0 0 0 0 0