0 0.20390625 0.4609375 0.2015625 0.13828125 0.273214375 0.46071437499999995 2 0.10714281249999999 0.4491071875 2
0 0.36171875 0.57265625 0.16875 0.18125 0.3339284375 0.5035715625 2 0.423214375 0.6553571875 2
0 0.4421875 0.67421875 0.18046875 0.11796875 0.376785625 0.6991071875 2 0.5276784375 0.6553571875 2
0 0.75234375 0.89765625 0.1703125 0.1140625 0.8223215625 0.920535625 2 0.6758928125 0.88125 2
0 0.73671875 0.59765625 0.22890625 0.12109375 0.65625 0.5991071875 2 0.84375 0.591964375 2
0 0.49453125 0.55078125 0.14453125 0.2 0.5133928125 0.6 2 0.43660718750000005 0.4616071875 2
0 0.64765625 0.42265625 0.18125 0.1390625 0.5714284375 0.4276784375 2 0.7276784375 0.4258928125 2
0 0.45546875 0.3890625 0.1109375 0.18984375 0.4723215625 0.4598215625 2 0.42410718750000004 0.301785625 2
0 0.5515625 0.3765625 0.12421875 0.16171875 0.5785715625 0.3258928125 2 0.508035625 0.45267843750000003 2
0 0.58359375 0.26953125 0.2140625 0.11953125 0.5053571875 0.2535715625 2 0.6821428125 0.270535625 2
0 0.84375 0.2171875 0.1734375 0.16953125 0.801785625 0.1678571875 2 0.898214375 0.2875 2
0 0.90703125 0.084375 0.18359375 0.14765625 0.975 0.040178437500000004 2 0.833035625 0.133035625 2
0 0.0578125 0.84453125 0.115625 0.1421875 0.0790440625 0.86856625 2 0.056276875000000004 0.841616875 0