0 0.2171875 0.03203125 0.1421875 0.0640625 0.21519499999999997 0.0445559375 0 0.15744031249999998 0.0533546875 2
0 0.70390625 0.0375 0.19453125 0.07421875 0.70705 0.05188 0 0.7907003125000001 0.052480000000000006 2
0 0.890625 0.2125 0.159375 0.14140625 0.844055 0.25977656250000003 2 0.9577618749999999 0.158315 2
0 0.76171875 0.26484375 0.1609375 0.14609375 0.69886 0.298261875 2 0.8335590625 0.2309125 2
0 0.57421875 0.40390625 0.165625 0.10546875 0.501185 0.43296093750000003 2 0.64638 0.3629875 2
0 0.93984375 0.403125 0.1203125 0.18125 0.93939375 0.4740703125 2 0.9953725 0.32100343750000004 2
0 0.925 0.56875 0.15 0.16875 0.883415 0.6201399999999999 2 0.9979965625 0.509056875 2
0 0.97421875 0.675 0.05078125 0.09921875 0.97613 0.6962359375 2 0.9737349999999999 0.6775521875 0
0 0.87265625 0.83984375 0.16796875 0.1328125 0.8116921874999999 0.8755431250000001 2 0.9498900000000001 0.79419875 2
0 0.80234375 0.93671875 0.209375 0.1265625 0.7216015625 0.9586365625 2 0.9026578125 0.9192765625 2
0 0.73828125 0.8078125 0.2125 0.14921875 0.6603746875 0.8178150000000001 2 0.836183125 0.8335590625 2
0 0.60859375 0.7640625 0.1921875 0.12890625 0.5265503125000001 0.7854521875 2 0.6979853125 0.7242253125 2
0 0.4578125 0.7734375 0.14921875 0.1046875 0.3944753125 0.7802040625 2 0.5248009375 0.730348125 2
0 0.51640625 0.90078125 0.203125 0.1171875 0.45307812500000005 0.928023125 2 0.594774375 0.8947856249999999 2
0 0.3515625 0.85625 0.18515625 0.10703125 0.27727 0.8729190625 2 0.44083281249999995 0.855425625 2
0 0.2890625 0.95625 0.1953125 0.08671875 0.209570625 0.9665084374999999 2 0.2918634375 0.958989375 0
0 0.0484375 0.98515625 0.09609375 0.02890625 0.0466490625 0.9796809375000001 0 0.08921625 0.9813778125000001 2
0 0.12890625 0.74921875 0.18515625 0.14453125 0.087466875 0.7067321875 2 0.210795 0.8151909375 2
0 0.28359375 0.74375 0.18359375 0.15390625 0.23441125000000002 0.7714575 2 0.36561125 0.6901134375 2
0 0.2265625 0.65703125 0.18515625 0.134375 0.15569093750000002 0.6936121875000001 2 0.31313124999999997 0.614891875 2
0 0.0828125 0.64921875 0.165625 0.1296875 0.0856115625 0.675485625 0 0.1591896875 0.644630625 2
0 0.02890625 0.56015625 0.0578125 0.1140625 0.027989375 0.5372953125000001 0 0.0489815625 0.5160543750000001 2
0 0.209375 0.534375 0.21484375 0.11953125 0.12857625 0.5711584375000001 2 0.30963250000000003 0.522176875 2
0 0.26875 0.334375 0.190625 0.1421875 0.3533659375 0.34636875 2 0.1819309375 0.34199531250000004 2
0 0.071875 0.26640625 0.14375 0.14375 0.0139946875 0.32012874999999996 2 0.13469906250000002 0.212544375 2