0 0.6015625 0.16953125 0.15625 0.19375 0 0 0 0 0 0
0 0.97109375 0.15390625 0.0578125 0.065625 0 0 0 0 0 0
0 0.93984375 0.3046875 0.1203125 0.140625 0 0 0 0 0 0
0 0.9234375 0.63984375 0.153125 0.1203125 0 0 0 0 0 0
0 0.88984375 0.7359375 0.184375 0.15625 0 0 0 0 0 0
0 0.95078125 0.93828125 0.0984375 0.1234375 0 0 0 0 0 0
0 0.6671875 0.83203125 0.153125 0.1578125 0 0 0 0 0 0
0 0.034375 0.68671875 0.06875 0.1390625 0 0 0 0 0 0
0 0.12578125 0.59921875 0.1203125 0.16875 0 0 0 0 0 0
0 0.0515625 0.44609375 0.103125 0.1890625 0 0 0 0 0 0
0 0.27734375 0.38828125 0.121875 0.215625 0 0 0 0 0 0
0 0.30078125 0.2234375 0.153125 0.146875 0 0 0 0 0 0
0 0.35859375 0.0671875 0.140625 0.134375 0 0 0 0 0 0
0 0.1390625 0.11484375 0.14375 0.20625 0 0 0 0 0 0
0 0.05390625 0.1703125 0.1078125 0.19375 0 0 0 0 0 0
0 0.09375 0.290625 0.1375 0.134375 0 0 0 0 0 0