0 0.24765625 0.92890625 0.1546875 0.11875 0 0 0 0 0 0
0 0.66953125 0.89296875 0.2046875 0.1609375 0 0 0 0 0 0
0 0.53359375 0.8078125 0.1125 0.175 0 0 0 0 0 0
0 0.53515625 0.65859375 0.125 0.153125 0 0 0 0 0 0
0 0.74765625 0.60546875 0.14375 0.096875 0 0 0 0 0 0
0 0.58359375 0.53046875 0.14375 0.1734375 0 0 0 0 0 0
0 0.46328125 0.56796875 0.1890625 0.1328125 0 0 0 0 0 0
0 0.32890625 0.5484375 0.1296875 0.2015625 0 0 0 0 0 0
0 0.3640625 0.47578125 0.1796875 0.115625 0 0 0 0 0 0
0 0.4765625 0.40625 0.153125 0.071875 0 0 0 0 0 0
0 0.328125 0.3515625 0.203125 0.1375 0 0 0 0 0 0
0 0.15234375 0.76328125 0.1796875 0.13125 0 0 0 0 0 0
0 0.13125 0.6578125 0.171875 0.09375 0 0 0 0 0 0
0 0.1453125 0.5234375 0.115625 0.2 0 0 0 0 0 0
0 0.096875 0.4703125 0.190625 0.1203125 0 0 0 0 0 0
0 0.6140625 0.30390625 0.1421875 0.20625 0 0 0 0 0 0
0 0.37109375 0.265625 0.175 0.0796875 0 0 0 0 0 0
0 0.23203125 0.19765625 0.175 0.1625 0 0 0 0 0 0
0 0.3296875 0.16328125 0.1875 0.1671875 0 0 0 0 0 0
0 0.5140625 0.21484375 0.121875 0.184375 0 0 0 0 0 0
0 0.521875 0.11484375 0.115625 0.125 0 0 0 0 0 0
0 0.6671875 0.2140625 0.0859375 0.1671875 0 0 0 0 0 0
0 0.74375 0.2359375 0.11875 0.15625 0 0 0 0 0 0
0 0.91484375 0.30625 0.13125 0.18125 0 0 0 0 0 0
0 0.83203125 0.4234375 0.13125 0.1671875 0 0 0 0 0 0
0 0.89765625 0.50390625 0.16875 0.2234375 0 0 0 0 0 0
0 0.54921875 0.06875 0.1921875 0.13125 0 0 0 0 0 0
0 0.86015625 0.0609375 0.1703125 0.115625 0 0 0 0 0 0
0 0.87734375 0.20234375 0.153125 0.1703125 0 0 0 0 0 0
0 0.76015625 0.121875 0.1078125 0.196875 0 0 0 0 0 0
0 0.10546875 0.10078125 0.0921875 0.1640625 0 0 0 0 0 0
0 0.17109375 0.065625 0.0765625 0.13125 0 0 0 0 0 0
0 0.1265625 0.96328125 0.196875 0.0734375 0 0 0 0 0 0
0 0.725 0.51484375 0.196875 0.1375 0 0 0 0 0 0
0 0.6828125 0.10078125 0.153125 0.08125 0 0 0 0 0 0
0 0.39921875 0.04296875 0.1453125 0.0859375 0 0 0 0 0 0
0 0.04296875 0.075 0.0859375 0.15 0 0 0 0 0 0
0 0.078125 0.0453125 0.0765625 0.090625 0 0 0 0 0 0
0 0.03984375 0.31015625 0.0796875 0.1078125 0 0 0 0 0 0
0 0.23359375 0.2921875 0.234375 0.1171875 0 0 0 0 0 0
0 0.7609375 0.4734375 0.0859375 0.1765625 0 0 0 0 0 0
0 0.96484375 0.1796875 0.06875 0.1 0 0 0 0 0 0
0 0.43046875 0.15234375 0.15625 0.15 0 0 0 0 0 0
0 0.11015625 0.2453125 0.134375 0.11875 0 0 0 0 0 0
0 0.0328125 0.62265625 0.065625 0.0609375 0 0 0 0 0 0
0 0.01953125 0.43203125 0.0390625 0.0671875 0 0 0 0 0 0
0 0.040625 0.2125 0.08125 0.103125 0 0 0 0 0 0
0 0.26953125 0.0296875 0.1546875 0.059375 0 0 0 0 0 0
0 0.69765625 0.0296875 0.1578125 0.059375 0 0 0 0 0 0
0 0.975 0.0703125 0.05 0.1375 0 0 0 0 0 0
0 0.9375 0.67109375 0.125 0.1796875 0 0 0 0 0 0
0 0.9640625 0.546875 0.071875 0.0546875 0 0 0 0 0 0