0 0.78359375 0.11484375 0.19375 0.1234375 0 0 0 0 0 0
0 0.61640625 0.415625 0.1203125 0.1875 0 0 0 0 0 0
0 0.7171875 0.6140625 0.121875 0.1734375 0 0 0 0 0 0
0 0.79609375 0.71875 0.125 0.1609375 0 0 0 0 0 0
0 0.8671875 0.79921875 0.1046875 0.1703125 0 0 0 0 0 0
0 0.90078125 0.69609375 0.1359375 0.1484375 0 0 0 0 0 0
0 0.61953125 0.92578125 0.1390625 0.1484375 0 0 0 0 0 0
0 0.2859375 0.74921875 0.14375 0.1671875 0 0 0 0 0 0
0 0.0828125 0.6953125 0.153125 0.2171875 0 0 0 0 0 0
0 0.15234375 0.4046875 0.15 0.20625 0 0 0 0 0 0
0 0.1109375 0.0734375 0.1375 0.146875 0 0 0 0 0 0
0 0.03984375 0.16953125 0.0796875 0.1578125 0 0 0 0 0 0
0 0.97109375 0.95 0.0578125 0.1 0 0 0 0 0 0