0 0.85390625 0.54140625 0.13125 0.2 0 0 0 0 0 0
0 0.7015625 0.8953125 0.18125 0.1796875 0 0 0 0 0 0
0 0.68515625 0.5734375 0.1546875 0.1375 0 0 0 0 0 0
0 0.67578125 0.31953125 0.1390625 0.1625 0 0 0 0 0 0
0 0.61015625 0.484375 0.15 0.18125 0 0 0 0 0 0
0 0.61171875 0.721875 0.1125 0.175 0 0 0 0 0 0
0 0.51171875 0.82265625 0.1625 0.15625 0 0 0 0 0 0
0 0.53828125 0.92734375 0.1421875 0.14375 0 0 0 0 0 0
0 0.40390625 0.76484375 0.140625 0.1609375 0 0 0 0 0 0
0 0.52109375 0.68203125 0.125 0.1640625 0 0 0 0 0 0
0 0.4265625 0.60859375 0.1890625 0.153125 0 0 0 0 0 0
0 0.28828125 0.60625 0.2 0.1359375 0 0 0 0 0 0
0 0.47109375 0.425 0.190625 0.121875 0 0 0 0 0 0
0 0.46328125 0.31875 0.1734375 0.0984375 0 0 0 0 0 0
0 0.4703125 0.1953125 0.1828125 0.1546875 0 0 0 0 0 0
0 0.83671875 0.0625 0.2 0.1140625 0 0 0 0 0 0
0 0.89453125 0.2578125 0.115625 0.15625 0 0 0 0 0 0
0 0.9515625 0.39609375 0.096875 0.1859375 0 0 0 0 0 0
0 0.13359375 0.8078125 0.1859375 0.1296875 0 0 0 0 0 0
0 0.08515625 0.69453125 0.1703125 0.1171875 0 0 0 0 0 0
0 0.1359375 0.503125 0.16875 0.1875 0 0 0 0 0 0
0 0.05078125 0.3890625 0.1015625 0.13125 0 0 0 0 0 0
0 0.11953125 0.35 0.1890625 0.165625 0 0 0 0 0 0
0 0.175 0.12109375 0.178125 0.165625 0 0 0 0 0 0
0 0.04453125 0.25078125 0.0875 0.16875 0 0 0 0 0 0
0 0.05234375 0.10703125 0.1046875 0.1734375 0 0 0 0 0 0
0 0.1703125 0.04140625 0.1640625 0.08125 0 0 0 0 0 0
0 0.31015625 0.04140625 0.0875 0.08125 0 0 0 0 0 0
0 0.41328125 0.0453125 0.1171875 0.090625 0 0 0 0 0 0
0 0.28671875 0.31171875 0.1625 0.1 0 0 0 0 0 0
0 0.27421875 0.3734375 0.16875 0.1015625 0 0 0 0 0 0
0 0.32421875 0.49140625 0.0921875 0.16875 0 0 0 0 0 0
0 0.23203125 0.478125 0.1625 0.121875 0 0 0 0 0 0
0 0.3109375 0.25390625 0.18125 0.0734375 0 0 0 0 0 0
0 0.3296875 0.21953125 0.11875 0.16875 0 0 0 0 0 0
0 0.03125 0.48515625 0.0625 0.1046875 0 0 0 0 0 0
0 0.01875 0.63671875 0.0375 0.0828125 0 0 0 0 0 0
0 0.9703125 0.296875 0.059375 0.153125 0 0 0 0 0 0