0 0.51796875 0.315625 0.18515625 0.1625 0.5943228125 0.294606875 2 0.44531625 0.32100249999999997 2
0 0.6125 0.203125 0.14375 0.25625 0.578145 0.3124878125 2 0.6718059375000001 0.091958125 2
0 0.66796875 0.36875 0.1625 0.13046875 0.71693375 0.4121090625 2 0.596025625 0.323556875 2
0 0.65546875 0.45625 0.14765625 0.1015625 0.719488125 0.4402075 2 0.5900653124999999 0.44872218750000004 2
0 0.81875 0.43671875 0.1640625 0.134375 0.7646159375 0.40359437500000006 2 0.89489 0.47767187499999997 2
0 0.71796875 0.56796875 0.1875 0.16640625 0.7552496875 0.6028374999999999 2 0.65307375 0.4938496875 2
0 0.5203125 0.53046875 0.21484375 0.134375 0.44276187499999997 0.5134334375 2 0.6215696875 0.51939375 2
0 0.46640625 0.76171875 0.1609375 0.16640625 0.41551499999999997 0.7927140625 2 0.5406803124999999 0.6879840625 2
0 0.62890625 0.77578125 0.22109375 0.15 0.549195 0.7654671875 2 0.7305571875 0.7680215625 2
0 0.8984375 0.778125 0.18828125 0.12734375 0.8276240625 0.75184375 2 0.98429375 0.7901596875 2
0 0.809375 0.86875 0.13984375 0.2296875 0.793565625 0.7995259375 2 0.8267728125 0.9527896874999999 2
0 0.5328125 0.903125 0.121875 0.19375 0.526205625 0.8472078125 2 0.532036875 0.89823875 0
0 0.4828125 0.91171875 0.190625 0.10078125 0.41551499999999997 0.8931871875 2 0.57303625 0.8770090625 2
0 0.403125 0.9515625 0.14375 0.096875 0.4214753125 0.9238396874999999 2 0.4009884375 0.9490190625 0
0 0.08359375 0.98203125 0.04375 0.03515625 0.0970671875 0.9774821875 0 0.084295 0.9723734374999999 2
0 0.01875 0.85390625 0.0375 0.08671875 0.0193 0.871199375 0 0.030652812499999998 0.8710490625 2
0 0.065625 0.74609375 0.13125 0.1390625 0.067988125 0.774020625 0 0.1277196875 0.7186365625 2
0 0.0484375 0.63203125 0.09609375 0.10546875 0.050236562500000005 0.625826875 2 0.049565625 0.63472 0
0 0.0921875 0.496875 0.18359375 0.15859375 0.0059603125 0.46404843749999997 2 0.15326375 0.54408625 2
0 0.1859375 0.41796875 0.16015625 0.153125 0.1328284375 0.39593124999999996 2 0.2588453125 0.45979125 2
0 0.0265625 0.21171875 0.053125 0.1015625 0.013623437499999998 0.2239353125 2 0.0280984375 0.21712375 0
0 0.32421875 0.025 0.16171875 0.05 0.3219571875 0.035055625 0 0.2588453125 0.0238409375 2
0 0.61171875 0.07421875 0.1953125 0.1484375 0.685429375 0.043424687499999996 2 0.521096875 0.06386 2
0 0.86640625 0.24296875 0.14375 0.209375 0.8344359375 0.284389375 2 0.9195825 0.146451875 2
0 0.95703125 0.1203125 0.08515625 0.15234375 0.9238396874999999 0.0945125 2 0.9559409375 0.11624874999999998 0
0 0.903125 0.04140625 0.19375 0.0828125 0.901111875 0.0582278125 0 0.814000625 0.0204353125 2