0 0.23671875 0.11015625 0.190625 0.1765625 0 0 0 0 0 0
0 0.55859375 0.06953125 0.1609375 0.1375 0 0 0 0 0 0
0 0.66484375 0.01953125 0.0828125 0.0390625 0 0 0 0 0 0
0 0.7578125 0.1171875 0.1765625 0.190625 0 0 0 0 0 0
0 0.7359375 0.23828125 0.18125 0.1796875 0 0 0 0 0 0
0 0.6046875 0.2515625 0.1703125 0.16875 0 0 0 0 0 0
0 0.40703125 0.215625 0.1796875 0.1609375 0 0 0 0 0 0
0 0.13046875 0.23046875 0.1671875 0.1171875 0 0 0 0 0 0
0 0.09375 0.29375 0.165625 0.0859375 0 0 0 0 0 0
0 0.0671875 0.35859375 0.134375 0.15 0 0 0 0 0 0
0 0.2625 0.41796875 0.16875 0.153125 0 0 0 0 0 0
0 0.1625 0.4625 0.190625 0.115625 0 0 0 0 0 0
0 0.3921875 0.40390625 0.196875 0.128125 0 0 0 0 0 0
0 0.51875 0.32265625 0.18125 0.1328125 0 0 0 0 0 0
0 0.74453125 0.38984375 0.175 0.146875 0 0 0 0 0 0
0 0.915625 0.3 0.15625 0.115625 0 0 0 0 0 0
0 0.93359375 0.1828125 0.1328125 0.1265625 0 0 0 0 0 0
0 0.978125 0.3421875 0.04375 0.1 0 0 0 0 0 0
0 0.96484375 0.43671875 0.06875 0.103125 0 0 0 0 0 0
0 0.90234375 0.4671875 0.184375 0.15 0 0 0 0 0 0
0 0.9421875 0.60546875 0.115625 0.1375 0 0 0 0 0 0
0 0.83046875 0.59140625 0.146875 0.153125 0 0 0 0 0 0
0 0.8984375 0.759375 0.14375 0.1875 0 0 0 0 0 0
0 0.89609375 0.9765625 0.1375 0.046875 0 0 0 0 0 0
0 0.4578125 0.97734375 0.0953125 0.0453125 0 0 0 0 0 0
0 0.32890625 0.95625 0.171875 0.0875 0 0 0 0 0 0
0 0.4421875 0.896875 0.18125 0.1484375 0 0 0 0 0 0
0 0.16796875 0.96015625 0.159375 0.078125 0 0 0 0 0 0
0 0.09296875 0.890625 0.1859375 0.140625 0 0 0 0 0 0
0 0.0625 0.77265625 0.125 0.1359375 0 0 0 0 0 0
0 0.1359375 0.81328125 0.1890625 0.1265625 0 0 0 0 0 0
0 0.2484375 0.78515625 0.178125 0.175 0 0 0 0 0 0
0 0.43828125 0.79765625 0.171875 0.128125 0 0 0 0 0 0
0 0.41953125 0.68828125 0.175 0.178125 0 0 0 0 0 0
0 0.32890625 0.73046875 0.1390625 0.125 0 0 0 0 0 0
0 0.2390625 0.64296875 0.10625 0.159375 0 0 0 0 0 0
0 0.596875 0.66953125 0.196875 0.16875 0 0 0 0 0 0
0 0.52578125 0.69375 0.128125 0.159375 0 0 0 0 0 0
0 0.471875 0.6390625 0.18125 0.128125 0 0 0 0 0 0
0 0.67578125 0.678125 0.171875 0.190625 0 0 0 0 0 0
0 0.6125 0.540625 0.146875 0.128125 0 0 0 0 0 0
0 0.459375 0.5171875 0.209375 0.15 0 0 0 0 0 0
0 0.3359375 0.540625 0.1703125 0.146875 0 0 0 0 0 0
0 0.19140625 0.56875 0.165625 0.11875 0 0 0 0 0 0
0 0.06875 0.559375 0.1375 0.175 0 0 0 0 0 0
0 0.58984375 0.440625 0.1296875 0.134375 0 0 0 0 0 0
0 0.6921875 0.46796875 0.159375 0.19375 0 0 0 0 0 0
0 0.025 0.65859375 0.05 0.14375 0 0 0 0 0 0