0 0.50078125 0.45625 0.1875 0.19296875 0.4428571875 0.4375 2 0.5866071875000001 0.5223215625 2
0 0.49140625 0.32734375 0.18828125 0.10546875 0.43839281249999995 0.3214284375 2 0.5758928125 0.31785718749999997 2
0 0.6296875 0.6109375 0.17265625 0.1234375 0.691964375 0.6098215625 2 0.5482143749999999 0.6053571875 2
0 0.68671875 0.48515625 0.16640625 0.0875 0.629464375 0.48125 2 0.7607143749999999 0.48125 2
0 0.62890625 0.41015625 0.17890625 0.10234375 0.5553571875000001 0.43660718750000005 2 0.7053571875 0.3875 2
0 0.75390625 0.3296875 0.18359375 0.13984375 0.6875 0.3321428125 2 0.8366071875 0.33660718749999996 2
0 0.90390625 0.40625 0.1921875 0.13203125 0.85625 0.42946437499999995 2 0.9982143750000001 0.3723215625 2
0 0.90625 0.66640625 0.1875 0.13828125 0.864285625 0.6991071875 2 1 0.6044643749999999 2
0 0.8953125 0.86796875 0.20859375 0.12890625 0.8392856249999999 0.891964375 2 0.9758928125 0.8348215625 2
0 0.47265625 0.671875 0.18515625 0.13984375 0.404464375 0.68125 2 0.55625 0.6598215625 2
0 0.26953125 0.65 0.2109375 0.10703125 0.1964284375 0.679464375 2 0.35982156249999997 0.6383928125 2
0 0.36171875 0.80546875 0.19453125 0.10390625 0.304464375 0.8133928125000001 2 0.44821437499999994 0.8169643750000001 2
0 0.24140625 0.35703125 0.17734375 0.14296875 0.1839284375 0.323214375 2 0.31875 0.3866071875 2
0 0.140625 0.3890625 0.17421875 0.12265625 0.1821428125 0.3741071875 2 0.06160718750000001 0.44196437499999996 2
0 0.084375 0.51640625 0.1671875 0.10078125 0.0053571875 0.501785625 2 0.1660715625 0.5258928125 2
0 0.20703125 0.5296875 0.1703125 0.1453125 0.139285625 0.539285625 2 0.2875 0.5321428125 2
0 0.2515625 0.7984375 0.11953125 0.20859375 0.2348215625 0.8705356249999999 2 0.2696428125 0.7 2
0 0.17890625 0.93671875 0.18984375 0.1265625 0.1098215625 0.923214375 2 0.2589284375 0.9696428125000001 2
0 0.33203125 0.93671875 0.14296875 0.12109375 0.27410718749999996 0.989285625 2 0.3946428125 0.8866071874999999 2
0 0.52734375 0.76484375 0.16796875 0.13984375 0.48125 0.8098215625 2 0.6035715625 0.7080356250000001 2
0 0.51640625 0.84453125 0.16015625 0.11640625 0.4464284375 0.8723215625 2 0.591964375 0.8107143750000001 2
0 0.4796875 0.92578125 0.13828125 0.12421875 0.4285715625 0.9633928125000001 2 0.5464284375 0.8732143750000001 2
0 0.1703125 0.26640625 0.2046875 0.125 0.09642843749999999 0.29732156249999997 2 0.2678571875 0.2508928125 2
0 0.56484375 0.240625 0.19609375 0.09765625 0.48214281249999996 0.23839281250000002 2 0.658035625 0.2375 2
0 0.5296875 0.13203125 0.1671875 0.16484375 0.5089284375 0.085714375 2 0.570535625 0.201785625 2
0 0.6828125 0.14296875 0.2 0.12265625 0.6214284375 0.129151875 2 0.7714284375 0.172901875 2
0 0.32734375 0.07265625 0.19296875 0.1421875 0.25714281250000004 0.045535625 2 0.38928562499999997 0.1008928125 2
0 0.12109375 0.20078125 0.14921875 0.10234375 0.048214375 0.2125 2 0.1910715625 0.21339281250000003 2
0 0.1875 0.11875 0.19609375 0.14296875 0.1053571875 0.1258928125 2 0.276785625 0.1366071875 2
0 0.9203125 0.175 0.14140625 0.1765625 0.9090624999999999 0.105625 2 0.9711159374999999 0.2535715625 2
0 0.05390625 0.1015625 0.10703125 0.08828125 0.051948125 0.08385437500000001 0 0.0992646875 0.11948531250000001 2
0 0.03359375 0.61328125 0.0671875 0.08359375 0.032467499999999996 0.5967909375 0 0.0615809375 0.613970625 2
0 0.4203125 0.07265625 0.15390625 0.1453125 0.3875 0.0026784375 0 0.4714284375 0.1125 2
0 0.59765625 0.040625 0.1296875 0.08046875 0.5958571874999999 0.024330625 0 0.651654375 0.0698528125 2
0 0.72890625 0.02890625 0.1265625 0.05703125 0.7266503125 0.0172678125 0 0.7711396875000001 0.048713125 2
0 0.8796875 0.05625 0.1265625 0.1125 0.8774540625 0.03399625 0 0.9075 0.10500000000000001 2
0 0.95625 0.08515625 0.0875 0.11640625 0.9292278125 0.042279375 2 0.954924375 0.0815975 0
0 0.21796875 0.02109375 0.13984375 0.0421875 0.21597593750000002 0.01268125 0 0.158088125 0.0349265625 2
0 0.03515625 0.02734375 0.06953125 0.0546875 0.03376625 0.0164584375 0 0.057904374999999994 0.035845625 2
0 0.8671875 0.55703125 0.19453125 0.14609375 0.804464375 0.5464284375 2 0.954464375 0.5803571875 2
0 0.934375 0.52421875 0.13125 0.125 0.8933825000000001 0.5431984375 2 0.9323862500000001 0.520635 0
0 0.0265625 0.284375 0.053125 0.09375 0.0259740625 0.2658303125 0 0.0477940625 0.29319843749999996 2
0 0.3671875 0.98359375 0.13671875 0.0328125 0.36534093749999996 0.9769475 0 0.41911750000000003 0.9806984375000001 2
0 0.528125 0.975 0.15 0.05 0.52675875 0.9657328125 0 0.5946690625 0.979779375 2
0 0.584375 0.9109375 0.1796875 0.1171875 0.5026784375 0.9178571874999999 2 0.6616071875 0.9053571874999999 2
0 0.4265625 0.02578125 0.19296875 0.05078125 0.4238634375 0.015379375 0 0.5128675 0.0413603125 2