0 0.06328125 0.1484375 0.1265625 0.11484375 0.065229375 0.1712228125 0 0.1177046875 0.1025459375 2
0 0.03984375 0.28515625 0.0796875 0.1109375 0.040883125 0.3072171875 0 0.07133625 0.23630125 2
0 0.09296875 0.7609375 0.1859375 0.134375 0.0499353125 0.8078828124999999 2 0.18101562499999999 0.7213875 2
0 0.12421875 0.96015625 0.0984375 0.0796875 0.1221634375 0.9460965625 0 0.090061875 0.9273709374999999 2
0 0.56015625 0.7734375 0.1265625 0.1890625 0.5938740625000001 0.7008784375 2 0.5359134375 0.860493125 2
0 0.96640625 0.9203125 0.0671875 0.159375 0.9662599999999999 0.9616149999999999 0 0.9826565625000001 0.9987071875 2
0 0.959375 0.75234375 0.08125 0.1765625 0.99424875 0.6910696875 2 0.9853315625000001 0.835525625 2
0 0.85 0.784375 0.08359375 0.1265625 0.8542512500000001 0.73387125 2 0.8515762499999999 0.840875625 2
0 0.78125 0.7421875 0.17265625 0.12421875 0.727629375 0.77043125 2 0.8569262500000001 0.715145625 2
0 0.915625 0.67109375 0.140625 0.15546875 0.8818940625 0.7267378124999999 2 0.9764146874999999 0.601899375 2
0 0.7484375 0.66015625 0.121875 0.16328125 0.7766731250000001 0.7204959375 2 0.7579475 0.584956875 2
0 0.659375 0.50703125 0.19921875 0.13671875 0.5956575 0.550180625 2 0.7454634375 0.4547684375 2
0 0.64140625 0.33984375 0.16015625 0.18125 0.6286503125 0.3834321875 2 0.7133621875 0.25681031249999997 2
0 0.68046875 0.09765625 0.19375 0.12421875 0.611708125 0.1408890625 2 0.7722146875 0.081145 2