0 0.11484375 0.21640625 0.1234375 0.19296875 0.1089284375 0.2946428125 2 0.0785715625 0.1348215625 2
0 0.415625 0.38359375 0.18671875 0.1203125 0.47946437499999994 0.3660715625 2 0.3321428125 0.4 2
0 0.6140625 0.2828125 0.1734375 0.12265625 0.689285625 0.2991071875 2 0.5339284375 0.2589284375 2
0 0.71875 0.20390625 0.1609375 0.12421875 0.6464284375 0.18482156249999998 2 0.7955356250000001 0.233035625 2
0 0.79921875 0.1328125 0.1703125 0.1046875 0.7446428125 0.1410715625 2 0.8794643750000001 0.11517843750000001 2
0 0.69609375 0.09921875 0.14765625 0.1359375 0.7473215625 0.052678437499999994 2 0.6383928125 0.1598215625 2
0 0.92578125 0.38046875 0.1484375 0.1390625 1 0.3823528125 2 0.8566174999999999 0.3428309375 2
0 0.74921875 0.7140625 0.1671875 0.14453125 0.8125 0.6848215625 2 0.6741071875 0.7383928125 2
0 0.6953125 0.9171875 0.2171875 0.15390625 0.623214375 0.9053571874999999 2 0.7928571875 0.95 2
0 0.4046875 0.84765625 0.20703125 0.14921875 0.4714284375 0.8491071874999999 2 0.301785625 0.8651784375 2
0 0.0734375 0.8890625 0.14609375 0.13828125 0.140625 0.8878674999999999 2 0.0709446875 0.8850075000000001 0
0 0.16953125 0.96015625 0.1578125 0.0796875 0.10477937500000001 0.9568015624999999 2 0.16674781249999998 0.958531875 0
0 0.95 0.02890625 0.1 0.0578125 0.9489449999999999 0.0178075 0 0.9080881249999999 0.0101103125 2