0 0.4609375 0.20390625 0.1375 0.2015625 0 0 0 0 0 0
0 0.57265625 0.36171875 0.18125 0.16875 0 0 0 0 0 0
0 0.67421875 0.4421875 0.11875 0.18125 0 0 0 0 0 0
0 0.89765625 0.75234375 0.1140625 0.1703125 0 0 0 0 0 0
0 0.59765625 0.73671875 0.121875 0.228125 0 0 0 0 0 0
0 0.55078125 0.49453125 0.2 0.14375 0 0 0 0 0 0
0 0.42265625 0.64765625 0.1390625 0.18125 0 0 0 0 0 0
0 0.3890625 0.45546875 0.190625 0.1109375 0 0 0 0 0 0
0 0.3765625 0.5515625 0.1625 0.125 0 0 0 0 0 0
0 0.26953125 0.58359375 0.11875 0.2140625 0 0 0 0 0 0
0 0.2171875 0.84375 0.16875 0.1734375 0 0 0 0 0 0
0 0.084375 0.90703125 0.146875 0.184375 0 0 0 0 0 0
0 0.84453125 0.0578125 0.1421875 0.115625 0 0 0 0 0 0