0 0.29765625 0.48984375 0.1875 0.1296875 0 0 0 0 0 0
0 0.4703125 0.46328125 0.184375 0.115625 0 0 0 0 0 0
0 0.42734375 0.66796875 0.19375 0.128125 0 0 0 0 0 0
0 0.15390625 0.7640625 0.1375 0.1859375 0 0 0 0 0 0
0 0.2671875 0.796875 0.0984375 0.159375 0 0 0 0 0 0
0 0.80234375 0.88125 0.2 0.1109375 0 0 0 0 0 0
0 0.7484375 0.7859375 0.1984375 0.096875 0 0 0 0 0 0
0 0.71640625 0.93671875 0.165625 0.121875 0 0 0 0 0 0
0 0.32421875 0.26796875 0.190625 0.11875 0 0 0 0 0 0
0 0.1140625 0.25703125 0.18125 0.1296875 0 0 0 0 0 0
0 0.67421875 0.34140625 0.171875 0.1 0 0 0 0 0 0
0 0.83984375 0.33984375 0.15 0.153125 0 0 0 0 0 0
0 0.6640625 0.43046875 0.1828125 0.1046875 0 0 0 0 0 0
0 0.72734375 0.690625 0.2 0.1171875 0 0 0 0 0 0
0 0.6078125 0.6671875 0.15625 0.134375 0 0 0 0 0 0
0 0.92265625 0.60859375 0.1546875 0.090625 0 0 0 0 0 0
0 0.93671875 0.5015625 0.125 0.146875 0 0 0 0 0 0
0 0.83203125 0.45625 0.159375 0.11875 0 0 0 0 0 0
0 0.70703125 0.52421875 0.1734375 0.1078125 0 0 0 0 0 0
0 0.08828125 0.45234375 0.175 0.159375 0 0 0 0 0 0
0 0.04765625 0.72578125 0.0953125 0.1578125 0 0 0 0 0 0
0 0.1515625 0.94453125 0.125 0.1109375 0 0 0 0 0 0
0 0.46171875 0.86640625 0.1609375 0.10625 0 0 0 0 0 0
0 0.37578125 0.75078125 0.175 0.0953125 0 0 0 0 0 0
0 0.5203125 0.2984375 0.16875 0.0875 0 0 0 0 0 0
0 0.62890625 0.2375 0.171875 0.08125 0 0 0 0 0 0
0 0.78359375 0.16328125 0.1640625 0.115625 0 0 0 0 0 0
0 0.89296875 0.08984375 0.15625 0.1625 0 0 0 0 0 0
0 0.55234375 0.1828125 0.1109375 0.165625 0 0 0 0 0 0
0 0.4390625 0.19296875 0.1296875 0.153125 0 0 0 0 0 0
0 0.35546875 0.1296875 0.1796875 0.0828125 0 0 0 0 0 0
0 0.2328125 0.18984375 0.1640625 0.090625 0 0 0 0 0 0
0 0.1234375 0.1296875 0.1859375 0.1109375 0 0 0 0 0 0
0 0.1375 0.0484375 0.175 0.08125 0 0 0 0 0 0
0 0.66328125 0.1578125 0.1671875 0.096875 0 0 0 0 0 0
0 0.36875 0.940625 0.109375 0.11875 0 0 0 0 0 0
0 0.0671875 0.3203125 0.134375 0.0859375 0 0 0 0 0 0
0 0.446875 0.0609375 0.171875 0.078125 0 0 0 0 0 0
0 0.6578125 0.07890625 0.16875 0.1140625 0 0 0 0 0 0
0 0.56640625 0.06796875 0.134375 0.096875 0 0 0 0 0 0
0 0.3328125 0.05390625 0.1625 0.10625 0 0 0 0 0 0
0 0.24921875 0.04140625 0.0984375 0.0828125 0 0 0 0 0 0
0 0.3765625 0.83359375 0.140625 0.1234375 0 0 0 0 0 0
0 0.92109375 0.946875 0.134375 0.10625 0 0 0 0 0 0
0 0.2875 0.971875 0.115625 0.05625 0 0 0 0 0 0
0 0.0640625 0.91484375 0.128125 0.1078125 0 0 0 0 0 0
0 0.0375 0.609375 0.075 0.0828125 0 0 0 0 0 0
0 0.60625 0.60703125 0.1515625 0.09375 0 0 0 0 0 0
0 0.59921875 0.9671875 0.171875 0.065625 0 0 0 0 0 0
0 0.04140625 0.39609375 0.0828125 0.09375 0 0 0 0 0 0
0 0.59296875 0.5375 0.184375 0.078125 0 0 0 0 0 0