0 0.05078125 0.77265625 0.10078125 0.1046875 0.0520159375 0.7930975 0 0.090650625 0.786236875 2
0 0.1578125 0.83203125 0.13515625 0.203125 0.14001468749999998 0.9069546875000001 2 0.21361218750000002 0.7458478125 2
0 0.34921875 0.771875 0.13828125 0.19296875 0.3262521875 0.828420625 2 0.3931184375 0.683918125 2
0 0.19296875 0.97421875 0.103125 0.0515625 0.195 0.9971875000000001 2 0.1914015625 0.9726215625 0
0 0.31875 0.6046875 0.12109375 0.19609375 0.30266187499999997 0.6835862500000001 2 0.371228125 0.533986875 2
0 0.15859375 0.60390625 0.125 0.18046875 0.15652531249999999 0.6759678124999999 2 0.206391875 0.5277534375 2
0 0.60234375 0.64296875 0.15234375 0.23203125 0.5981865625 0.7265875 2 0.6231534375 0.5451953125 2
0 0.95 0.54765625 0.1 0.18984375 0.9484528125 0.5097428125000001 0 0.9210665625000001 0.48793406250000004 2
0 0.84765625 0.31875 0.16171875 0.15234375 0.799578125 0.375689375 2 0.9210665625000001 0.25023968750000003 2
0 0.6234375 0.03828125 0.090625 0.0765625 0.63121125 0.0481990625 2 0.6225878125000001 0.040771249999999995 0
0 0.43828125 0.1484375 0.16953125 0.1296875 0.365785625 0.1657259375 2 0.5196268749999999 0.15714250000000002 2
0 0.265625 0.20625 0.1203125 0.1828125 0.2773103125 0.2674065625 2 0.231091875 0.12214875 2