0 0.3671875 0.70078125 0.1203125 0.2015625 0.3714284375 0.373214375 2 0.22410718749999997 0.3651784375 2
0 0.33984375 0.5671875 0.175 0.1453125 0.40535718750000005 0.39375 2 0.4928571875 0.260714375 2
0 0.48125 0.66328125 0.1484375 0.221875 0.4008928125 0.46875 2 0.235714375 0.501785625 2
0 0.5875 0.79765625 0.1734375 0.13125 0.225 0.523214375 2 0.2026784375 0.6669643749999999 2
0 0.77578125 0.87890625 0.1515625 0.125 0.1410715625 0.7160715625 2 0.0973215625 0.84375 2
0 0.84140625 0.7140625 0.16875 0.165625 0.3223215625 0.7919643749999999 2 0.21339281250000003 0.8928571875 2
0 0.90234375 0.55703125 0.125 0.1625 0.5089284375 0.8946428125000001 2 0.3625 0.9044643750000001 2
0 0.8609375 0.36484375 0.19375 0.15 0.626785625 0.7901784375 2 0.6776784375 0.9508928125 2
0 0.953125 0.4234375 0.09375 0.134375 0.58455875 0.926470625 2 0.5747565625 0.9505209375 0
0 0.89921875 0.91484375 0.159375 0.16875 0.01875 0.8794643750000001 2 0.1625 0.916964375 2
0 0.721875 0.96796875 0.0828125 0.0625 0.017463125 0.7215075 2 0.030735937499999998 0.7195684375 0
0 0.1734375 0.9671875 0.16875 0.065625 0.0211396875 0.0992646875 2 0 0.25 2
0 0.1609375 0.5953125 0.1203125 0.175 0.4633928125 0.1303571875 2 0.323214375 0.195535625 2
0 0.08359375 0.57890625 0.1265625 0.196875 0.5098215625 0.073214375 2 0.32767843750000003 0.11517843750000001 2
0 0.10078125 0.43359375 0.159375 0.15 0.6178571875000001 0.0714284375 2 0.504464375 0.1758928125 2
0 0.1015625 0.33125 0.090625 0.171875 0.7294643749999999 0.09821437499999999 2 0.5973215625 0.09375 2
0 0.32265625 0.3859375 0.15 0.19375 0.6928571875 0.301785625 2 0.5205356250000001 0.35625 2
0 0.52421875 0.44453125 0.1578125 0.146875 0.60625 0.48482156249999997 2 0.48660718750000004 0.5875 2
0 0.5390625 0.33515625 0.1578125 0.1875 0.7151784375 0.4928571875 2 0.5839284375 0.6107143749999999 2
0 0.60625 0.25703125 0.15625 0.16875 0.6964284375 0.5633928125 2 0.8169643750000001 0.6571428125 2
0 0.71484375 0.29140625 0.1359375 0.159375 0.7625 0.6991071875 2 0.6392856250000001 0.758035625 2
0 0.5796875 0.11015625 0.1875 0.1109375 0.9008928125000001 0.5 2 0.91875 0.6446428125 2
0 0.45859375 0.13203125 0.1625 0.1921875 0.9383928125000001 0.41875 2 0.7848215625 0.501785625 2
0 0.396875 0.32734375 0.1375 0.16875 0.716964375 0.35982156249999997 2 0.5964284375 0.45357156249999997 2
0 0.29765625 0.22578125 0.125 0.1828125 0.8410715625 0.291964375 2 0.6901784375 0.301785625 2
0 0.35859375 0.08984375 0.09375 0.1796875 0.976785625 0.335714375 2 0.829464375 0.3928571875 2
0 0.265625 0.0875 0.115625 0.175 0.9928571875 0.2598215625 2 0.8491071874999999 0.29642843750000003 2
0 0.4421875 0.0390625 0.1140625 0.078125 0.964154375 0.46783093750000004 2 0.9599837499999999 0.4387896875 0
0 0.16796875 0.19453125 0.128125 0.1734375 0.7616071875 0.204464375 2 0.88125 0.11160718750000001 2
0 0.17578125 0.12265625 0.1421875 0.171875 0.929464375 0.145535625 2 0.8080356249999999 0.239285625 2
0 0.0421875 0.20703125 0.084375 0.203125 0.8526784375 0.0035715625 2 0.7035715625 0.0625 2
0 0.0328125 0.29296875 0.065625 0.1734375 0.7045184375 0.0199659375 0 0.626838125 0.046875 2
0 0.14765625 0.0390625 0.2046875 0.078125 0.9973215625 0.070535625 2 0.9669643750000001 0.235714375 2
0 0.5953125 0.04296875 0.1 0.0859375 0.9558440625 0.57513125 0 0.9200368750000001 0.576286875 2
0 0.70859375 0.6265625 0.203125 0.153125 0.4007834375 0.641641875 2 0.3444534375 0.8035090625000001 2
0 0.66171875 0.734375 0.178125 0.1203125 0.297188125 0.60344125 2 0.2156071875 0.743294375 2