0 0.315625 0.51796875 0.1625 0.184375 0 0 0 0 0 0
0 0.203125 0.6125 0.25625 0.14375 0 0 0 0 0 0
0 0.36875 0.66796875 0.13125 0.1625 0 0 0 0 0 0
0 0.45625 0.65546875 0.1015625 0.146875 0 0 0 0 0 0
0 0.43671875 0.81875 0.134375 0.1640625 0 0 0 0 0 0
0 0.56796875 0.71796875 0.165625 0.1875 0 0 0 0 0 0
0 0.53046875 0.5203125 0.134375 0.215625 0 0 0 0 0 0
0 0.76171875 0.46640625 0.165625 0.1609375 0 0 0 0 0 0
0 0.77578125 0.62890625 0.15 0.221875 0 0 0 0 0 0
0 0.778125 0.8984375 0.128125 0.1875 0 0 0 0 0 0
0 0.86875 0.809375 0.2296875 0.140625 0 0 0 0 0 0
0 0.903125 0.5328125 0.19375 0.121875 0 0 0 0 0 0
0 0.91171875 0.4828125 0.1 0.190625 0 0 0 0 0 0
0 0.9515625 0.403125 0.096875 0.14375 0 0 0 0 0 0
0 0.98203125 0.08359375 0.034375 0.04375 0 0 0 0 0 0
0 0.85390625 0.01875 0.0875 0.0375 0 0 0 0 0 0
0 0.74609375 0.065625 0.1390625 0.13125 0 0 0 0 0 0
0 0.63203125 0.0484375 0.10625 0.096875 0 0 0 0 0 0
0 0.496875 0.0921875 0.159375 0.184375 0 0 0 0 0 0
0 0.41796875 0.1859375 0.153125 0.159375 0 0 0 0 0 0
0 0.21171875 0.0265625 0.1015625 0.053125 0 0 0 0 0 0
0 0.025 0.32421875 0.05 0.1625 0 0 0 0 0 0
0 0.07421875 0.61171875 0.1484375 0.1953125 0 0 0 0 0 0
0 0.24296875 0.86640625 0.209375 0.14375 0 0 0 0 0 0
0 0.1203125 0.95703125 0.153125 0.0859375 0 0 0 0 0 0
0 0.04140625 0.903125 0.0828125 0.19375 0 0 0 0 0 0