0 0.16953125 0.6015625 0.19453125 0.15703125 0.08840187499999999 0.6380890625 2 0.2585590625 0.578268125 2
0 0.15390625 0.97109375 0.06484375 0.0578125 0.150216875 0.981061875 2 0.152553125 0.9693075 0
0 0.3046875 0.93984375 0.140625 0.1203125 0.28714 0.9086121875 2 0.3026290625 0.93703375 0
0 0.63984375 0.9234375 0.11953125 0.15234375 0.6382703125 0.8935571875000001 0 0.626125 0.8527793750000001 2
0 0.7359375 0.88984375 0.15625 0.18515625 0.70522125 0.9697625000000001 2 0.747760625 0.8089109375 2
0 0.93828125 0.95078125 0.1234375 0.0984375 0.9365287500000001 0.9318759375000001 0 0.8840190625 0.9484928125 2
0 0.83203125 0.6671875 0.1578125 0.15234375 0.765706875 0.642741875 2 0.8966481249999999 0.7291496875 2
0 0.68671875 0.034375 0.1390625 0.06875 0.717185625 0.0225990625 2 0.6890475 0.0361325 0
0 0.59921875 0.12578125 0.16875 0.1203125 0.6547059375 0.101030625 2 0.521770625 0.1688278125 2
0 0.44609375 0.0515625 0.1890625 0.103125 0.5211059375 0.027916249999999997 2 0.3635778125 0.0006646875 2
0 0.38828125 0.27734375 0.21484375 0.12265625 0.3130625 0.25523562499999997 2 0.48189031250000003 0.285810625 2
0 0.2234375 0.30078125 0.14765625 0.15390625 0.180791875 0.234630625 2 0.2545709375 0.360254375 2
0 0.0671875 0.35859375 0.134375 0.140625 0.1123303125 0.3649071875 2 0.06979093750000001 0.3635778125 0
0 0.11484375 0.1390625 0.20625 0.14453125 0.042539375000000004 0.124294375 2 0.205385 0.20339093749999998 2
0 0.1703125 0.05390625 0.19375 0.1078125 0.23728937499999997 0.055168125 2 0.17342 0.057180625 0
0 0.290625 0.09375 0.134375 0.13828125 0.23861875000000002 0.0658028125 2 0.34629625 0.14091125 2