0 0.61640625 0.85546875 0.109375 0.1890625 0 0 0 0 0 0
0 0.89765625 0.915625 0.1515625 0.16875 0 0 0 0 0 0
0 0.83828125 0.5015625 0.15 0.190625 0 0 0 0 0 0
0 0.9671875 0.36875 0.065625 0.121875 0 0 0 0 0 0
0 0.659375 0.334375 0.134375 0.1875 0 0 0 0 0 0
0 0.446875 0.2671875 0.171875 0.1859375 0 0 0 0 0 0
0 0.2796875 0.2125 0.165625 0.171875 0 0 0 0 0 0
0 0.19453125 0.24921875 0.171875 0.140625 0 0 0 0 0 0
0 0.0265625 0.346875 0.053125 0.15625 0 0 0 0 0 0
0 0.12734375 0.43984375 0.11875 0.253125 0 0 0 0 0 0
0 0.18515625 0.49296875 0.10625 0.2015625 0 0 0 0 0 0
0 0.06015625 0.55859375 0.1140625 0.1875 0 0 0 0 0 0
0 0.1515625 0.61953125 0.134375 0.1375 0 0 0 0 0 0
0 0.09765625 0.953125 0.175 0.09375 0 0 0 0 0 0
0 0.27109375 0.8140625 0.153125 0.1640625 0 0 0 0 0 0
0 0.325 0.7078125 0.2125 0.171875 0 0 0 0 0 0
0 0.34453125 0.9875 0.065625 0.025 0 0 0 0 0 0