0 0.803125 0.08828125 0.1890625 0.1359375 0 0 0 0 0 0
0 0.94296875 0.12578125 0.1125 0.146875 0 0 0 0 0 0
0 0.9265625 0.02890625 0.0796875 0.05625 0 0 0 0 0 0
0 0.97890625 0.0296875 0.040625 0.059375 0 0 0 0 0 0
0 0.57734375 0.053125 0.184375 0.10625 0 0 0 0 0 0
0 0.51328125 0.1140625 0.1359375 0.16875 0 0 0 0 0 0
0 0.3015625 0.046875 0.171875 0.09375 0 0 0 0 0 0
0 0.20625 0.06015625 0.121875 0.1203125 0 0 0 0 0 0
0 0.09453125 0.065625 0.1203125 0.13125 0 0 0 0 0 0
0 0.03125 0.14453125 0.0625 0.084375 0 0 0 0 0 0
0 0.08203125 0.1859375 0.15625 0.1171875 0 0 0 0 0 0
0 0.17109375 0.18203125 0.125 0.1640625 0 0 0 0 0 0
0 0.28984375 0.15 0.203125 0.121875 0 0 0 0 0 0
0 0.16328125 0.2609375 0.1828125 0.1375 0 0 0 0 0 0
0 0.284375 0.28984375 0.1390625 0.171875 0 0 0 0 0 0
0 0.32578125 0.33671875 0.16875 0.128125 0 0 0 0 0 0
0 0.47890625 0.2375 0.2015625 0.14375 0 0 0 0 0 0
0 0.4421875 0.33671875 0.1765625 0.175 0 0 0 0 0 0
0 0.68828125 0.2421875 0.125 0.1796875 0 0 0 0 0 0
0 0.8546875 0.20625 0.153125 0.1234375 0 0 0 0 0 0
0 0.809375 0.296875 0.165625 0.1140625 0 0 0 0 0 0
0 0.95703125 0.2921875 0.084375 0.096875 0 0 0 0 0 0
0 0.91640625 0.3546875 0.1671875 0.096875 0 0 0 0 0 0
0 0.809375 0.39296875 0.1609375 0.09375 0 0 0 0 0 0
0 0.7328125 0.3828125 0.1203125 0.1546875 0 0 0 0 0 0
0 0.9390625 0.4171875 0.121875 0.09375 0 0 0 0 0 0
0 0.91015625 0.4859375 0.171875 0.1 0 0 0 0 0 0
0 0.7375 0.49765625 0.171875 0.125 0 0 0 0 0 0
0 0.88203125 0.55625 0.1640625 0.0890625 0 0 0 0 0 0
0 0.96328125 0.59375 0.0734375 0.0625 0 0 0 0 0 0
0 0.94296875 0.671875 0.1140625 0.1375 0 0 0 0 0 0
0 0.96796875 0.78203125 0.0625 0.1015625 0 0 0 0 0 0
0 0.83046875 0.746875 0.1390625 0.1765625 0 0 0 0 0 0
0 0.8703125 0.8359375 0.15 0.1125 0 0 0 0 0 0
0 0.69765625 0.80390625 0.171875 0.1203125 0 0 0 0 0 0
0 0.47734375 0.70625 0.171875 0.1375 0 0 0 0 0 0
0 0.40078125 0.61328125 0.196875 0.14375 0 0 0 0 0 0
0 0.40703125 0.8234375 0.178125 0.14375 0 0 0 0 0 0
0 0.390625 0.94765625 0.1734375 0.103125 0 0 0 0 0 0
0 0.23203125 0.9359375 0.18125 0.128125 0 0 0 0 0 0
0 0.51953125 0.940625 0.14375 0.109375 0 0 0 0 0 0
0 0.65859375 0.94296875 0.21875 0.1140625 0 0 0 0 0 0
0 0.83359375 0.96640625 0.2078125 0.065625 0 0 0 0 0 0
0 0.8484375 0.90546875 0.178125 0.0890625 0 0 0 0 0 0
0 0.03671875 0.95234375 0.0734375 0.0765625 0 0 0 0 0 0
0 0.23984375 0.84609375 0.1875 0.1328125 0 0 0 0 0 0
0 0.1171875 0.7890625 0.2265625 0.1171875 0 0 0 0 0 0
0 0.2546875 0.75078125 0.1828125 0.11875 0 0 0 0 0 0
0 0.1203125 0.69140625 0.2 0.0796875 0 0 0 0 0 0
0 0.03046875 0.66640625 0.0609375 0.0765625 0 0 0 0 0 0
0 0.0921875 0.61328125 0.1546875 0.0921875 0 0 0 0 0 0
0 0.04453125 0.56953125 0.0890625 0.1125 0 0 0 0 0 0
0 0.06015625 0.43515625 0.1203125 0.128125 0 0 0 0 0 0
0 0.51328125 0.425 0.1421875 0.1296875 0 0 0 0 0 0
0 0.559375 0.51640625 0.1796875 0.09375 0 0 0 0 0 0
0 0.43046875 0.50625 0.1546875 0.0828125 0 0 0 0 0 0
0 0.35 0.45 0.1484375 0.16875 0 0 0 0 0 0
0 0.92890625 0.02265625 0.071875 0.0453125 0 0 0 0 0 0