0 0.43203125 0.72265625 0.190625 0.140625 0 0 0 0 0 0
0 0.32734375 0.83046875 0.196875 0.1625 0 0 0 0 0 0
0 0.40390625 0.6 0.115625 0.19375 0 0 0 0 0 0
0 0.2796875 0.4625 0.175 0.14375 0 0 0 0 0 0
0 0.35078125 0.37578125 0.171875 0.153125 0 0 0 0 0 0
0 0.12265625 0.5984375 0.171875 0.1140625 0 0 0 0 0 0
0 0.0375 0.7171875 0.075 0.15 0 0 0 0 0 0
0 0.05859375 0.97421875 0.0859375 0.0515625 0 0 0 0 0 0
0 0.05625 0.52265625 0.1125 0.1234375 0 0 0 0 0 0
0 0.06328125 0.41796875 0.125 0.140625 0 0 0 0 0 0
0 0.1203125 0.3171875 0.209375 0.1234375 0 0 0 0 0 0
0 0.0671875 0.19140625 0.134375 0.1328125 0 0 0 0 0 0
0 0.078125 0.07421875 0.1375 0.1484375 0 0 0 0 0 0
0 0.171875 0.19609375 0.1375 0.18125 0 0 0 0 0 0
0 0.21796875 0.15 0.18125 0.1625 0 0 0 0 0 0
0 0.46015625 0.4828125 0.1078125 0.1671875 0 0 0 0 0 0
0 0.45703125 0.3359375 0.1359375 0.178125 0 0 0 0 0 0
0 0.4234375 0.23359375 0.090625 0.196875 0 0 0 0 0 0
0 0.4875 0.21328125 0.0734375 0.153125 0 0 0 0 0 0
0 0.5671875 0.29296875 0.125 0.221875 0 0 0 0 0 0
0 0.57421875 0.26796875 0.1296875 0.1546875 0 0 0 0 0 0
0 0.61640625 0.49609375 0.140625 0.18125 0 0 0 0 0 0
0 0.75 0.4640625 0.140625 0.196875 0 0 0 0 0 0
0 0.7453125 0.17890625 0.1578125 0.26875 0 0 0 0 0 0
0 0.76171875 0.0421875 0.125 0.084375 0 0 0 0 0 0
0 0.85546875 0.06953125 0.109375 0.1390625 0 0 0 0 0 0
0 0.9375 0.1265625 0.125 0.1421875 0 0 0 0 0 0
0 0.96015625 0.26015625 0.0796875 0.1828125 0 0 0 0 0 0
0 0.8921875 0.42578125 0.140625 0.18125 0 0 0 0 0 0
0 0.8609375 0.56875 0.146875 0.19375 0 0 0 0 0 0
0 0.9296875 0.825 0.11875 0.1953125 0 0 0 0 0 0
0 0.7828125 0.8484375 0.128125 0.190625 0 0 0 0 0 0
0 0.684375 0.88125 0.1375 0.1734375 0 0 0 0 0 0
0 0.46015625 0.9578125 0.15625 0.084375 0 0 0 0 0 0
0 0.5796875 0.97421875 0.115625 0.0515625 0 0 0 0 0 0
0 0.69375 0.97890625 0.06875 0.0421875 0 0 0 0 0 0
0 0.309375 0.97109375 0.05625 0.0578125 0 0 0 0 0 0
0 0.384375 0.03359375 0.10625 0.0671875 0 0 0 0 0 0
0 0.30859375 0.0390625 0.0625 0.078125 0 0 0 0 0 0
0 0.89453125 0.92734375 0.1375 0.14375 0 0 0 0 0 0
0 0.02421875 0.04296875 0.0453125 0.0859375 0 0 0 0 0 0
0 0.24453125 0.10078125 0.134375 0.178125 0 0 0 0 0 0