0 0.23671875 0.11015625 0.190625 0.1765625 0.198125 0.065 2 0.30062500000000003 0.1896875 2
0 0.55859375 0.06953125 0.1609375 0.13828125 0.5249971875 0 2 0.6293953125 0.13490125 2
0 0.66484375 0.01953125 0.0828125 0.0390625 0.6667725 0.0279253125 0 0.7002828125 0.017185 2
0 0.7578125 0.1171875 0.17578125 0.18984375 0.714030625 0.06659125 2 0.8390506249999999 0.187315 2
0 0.7359375 0.23828125 0.18203125 0.1796875 0.6835996875 0.20092156249999998 2 0.8213381249999999 0.2919046875 2
0 0.6046875 0.2515625 0.1703125 0.16796875 0.568606875 0.19460312500000002 2 0.686969375 0.3205478125 2
0 0.40703125 0.215625 0.17890625 0.1609375 0.3432546875 0.18028187499999998 2 0.48731156249999996 0.2670528125 2
0 0.13046875 0.23046875 0.1671875 0.1171875 0.07451687500000001 0.23040687499999998 2 0.2067796875 0.240095 2
0 0.09375 0.29375 0.16640625 0.0859375 0.0189159375 0.271265 2 0.1713971875 0.316756875 2
0 0.0671875 0.35859375 0.134375 0.14921875 0.0692003125 0.38782625 0 0.1280115625 0.4149009375 2
0 0.2625 0.41796875 0.16875 0.15390625 0.210991875 0.3871003125 2 0.3398846875 0.468395625 2
0 0.1625 0.4625 0.190625 0.115625 0.09768375 0.434276875 2 0.23668625 0.5117812500000001 2
0 0.3921875 0.40390625 0.196875 0.128125 0.32766937500000004 0.38920656249999996 2 0.4864690625 0.42374625000000005 2
0 0.51875 0.32265625 0.18125 0.1328125 0.45024406250000004 0.32476 2 0.6052528125000001 0.3213903125 2
0 0.74453125 0.38984375 0.175 0.14609375 0.6903390625 0.3453996875 2 0.8129137500000001 0.43259187499999996 2
0 0.915625 0.3 0.15625 0.115625 0.9843500000000001 0.2683165625 2 0.8423990625 0.350033125 2
0 0.93359375 0.1828125 0.1328125 0.1265625 0.8798878125 0.15500875 2 0.9762596875 0.19232031249999998 0
0 0.978125 0.3421875 0.04375 0.1 0.9800000000000001 0.316875 2 0.8881249999999999 0.369375 0
0 0.96484375 0.43671875 0.06953125 0.10390625 0.9570159374999999 0.431210625 2 0.9641187499999999 0.43386625 0
0 0.90234375 0.4671875 0.18515625 0.14921875 0.8166334375 0.4664321875 2 0.9620478125 0.4936028125 2
0 0.9421875 0.60546875 0.11484375 0.13671875 0.9046871875000001 0.5907134375 2 0.9407903125000001 0.6017690625000001 0
0 0.83046875 0.59140625 0.14765625 0.153125 0.792985 0.543919375 2 0.8981459375 0.6616593749999999 2
0 0.8984375 0.759375 0.14453125 0.1875 0.8739940624999999 0.704428125 2 0.9630540625 0.8473265624999999 2
0 0.89609375 0.9765625 0.1375 0.046875 0.8938006250000001 0.9675475 0 0.9575193750000001 0.9872059375 2
0 0.4578125 0.97734375 0.0953125 0.0453125 0.41762531249999996 0.9962628125 2 0.45643 0.976251875 0
0 0.32890625 0.95625 0.171875 0.08671875 0.26566999999999996 0.9389021874999999 2 0.4090715625 0.9987787499999999 2
0 0.4421875 0.896875 0.18046875 0.1484375 0.37083125 0.8911015624999999 2 0.5247990625 0.9454434375 2
0 0.16796875 0.96015625 0.15859375 0.07890625 0.1278034375 0.9449403125 2 0.1654034375 0.9581937500000001 0
0 0.09296875 0.890625 0.1859375 0.140625 0.0221390625 0.8548740625000001 2 0.1781196875 0.9358831249999999 2
0 0.0625 0.77265625 0.12421875 0.13671875 0.00100625 0.7658140625 2 0.1111990625 0.7663171875 2
0 0.1359375 0.81328125 0.1890625 0.1265625 0.051825937499999995 0.7632984375 2 0.189189375 0.8443075 2
0 0.2484375 0.78515625 0.178125 0.17421875 0.19321468749999998 0.7225421875 2 0.3280621875 0.8443075 2
0 0.43828125 0.79765625 0.171875 0.128125 0.388441875 0.7487065625 2 0.5167484375 0.844810625 2
0 0.41953125 0.68828125 0.17578125 0.17890625 0.3778753125 0.6561246875 2 0.49863468749999995 0.768833125 2
0 0.32890625 0.73046875 0.1390625 0.12578125 0.27422375 0.694365 2 0.3909578125 0.7819153125 2
0 0.2390625 0.64296875 0.10546875 0.16015625 0.24906562499999998 0.57964375 2 0.257619375 0.7084534375 2
0 0.596875 0.66953125 0.19609375 0.16875 0.5383843749999999 0.62895375 2 0.687320625 0.719523125 2
0 0.52578125 0.69375 0.128125 0.159375 0.48203031249999995 0.6395203125 2 0.5736059375 0.746190625 2
0 0.471875 0.6390625 0.18046875 0.12734375 0.42718531249999997 0.6279475 2 0.5429128125 0.676754375 2
0 0.67578125 0.678125 0.171875 0.19140625 0.619896875 0.5922228125 2 0.750719375 0.7134853125 2
0 0.6125 0.540625 0.14609375 0.128125 0.587694375 0.50366625 2 0.6656846875 0.5992671875 2
0 0.459375 0.5171875 0.21015625 0.15 0.390454375 0.488068125 2 0.5353653125 0.5660584375 2
0 0.3359375 0.540625 0.1703125 0.14765625 0.27120500000000003 0.5066853124999999 2 0.41259375 0.5841721875 2
0 0.19140625 0.56875 0.165625 0.11875 0.11774 0.5786374999999999 2 0.2701984375 0.536371875 2
0 0.06875 0.559375 0.1375 0.17421875 0.053335312499999996 0.488068125 2 0.08654406249999999 0.6425390625 2
0 0.58984375 0.440625 0.1296875 0.13359375 0.62694125 0.47397968749999997 2 0.5323465625 0.38240375000000004 2
0 0.6921875 0.46796875 0.15859375 0.19453125 0.6314696875 0.40404 2 0.76178875 0.50366625 2
0 0.025 0.65859375 0.04921875 0.14453125 0.025404375 0.687096875 0 0.032378125 0.7247725 2