0 0.48515625 0.5015625 0.20859375 0.17421875 0.4321428125 0.4473215625 2 0.5482143749999999 0.570535625 2
0 0.6203125 0.48046875 0.1953125 0.14921875 0.5517856250000001 0.45089281249999996 2 0.710714375 0.5321428125 2
0 0.7046875 0.6234375 0.16640625 0.17421875 0.65625 0.5776784375 2 0.7741071875000001 0.689285625 2
0 0.51171875 0.76328125 0.18359375 0.13984375 0.43303562500000004 0.7375 2 0.598214375 0.7839284375 2
0 0.5546875 0.91796875 0.1640625 0.15546875 0.483035625 0.8883928125 2 0.625 0.9651784375 2
0 0.89609375 0.9078125 0.14609375 0.18359375 0.890625 0.8492646875000001 2 0.8942096875000001 0.9029265625 0
0 0.94609375 0.81796875 0.10703125 0.1453125 0.9356618750000001 0.77205875 2 0.944805 0.814260625 0
0 0.9046875 0.65625 0.12578125 0.15390625 0.8723215625 0.5875 2 0.9383928125000001 0.7258928124999999 2
0 0.92421875 0.53828125 0.15078125 0.14921875 0.88143375 0.513786875 2 0.995404375 0.589154375 0
0 0.9265625 0.47265625 0.14609375 0.11796875 0.8777575000000001 0.454963125 2 1 0.47518374999999996 0
0 0.18046875 0.77734375 0.1953125 0.1234375 0.11428562499999999 0.7723215625 2 0.273214375 0.7723215625 2
0 0.07734375 0.86328125 0.1546875 0.13125 0.0008928125 0.8303571875 2 0.14375 0.8928571875 2
0 0.17890625 0.5234375 0.1796875 0.14296875 0.1125 0.5133928125 2 0.2616071875 0.529464375 2
0 0.45234375 0.36328125 0.16484375 0.14765625 0.40714281249999995 0.33660718749999996 2 0.5285715625 0.42678562500000006 2
0 0.67421875 0.33984375 0.20078125 0.13671875 0.6098215625 0.3008928125 2 0.7633928125 0.38125 2
0 0.8234375 0.3734375 0.19140625 0.0984375 0.76875 0.385714375 2 0.9116071874999999 0.376785625 2
0 0.09140625 0.62109375 0.1828125 0.17265625 0.0258928125 0.651785625 2 0.176785625 0.5973215625 2
0 0.0515625 0.96484375 0.10234375 0.0703125 0.0101103125 0.9659924999999999 2 0.04978375 0.9627728125000001 0
0 0.02265625 0.7828125 0.04453125 0.06796875 0.021645 0.7696128125 0 0.0321690625 0.785845625 2
0 0.053125 0.7140625 0.10625 0.10234375 0.051515 0.6935284375 0 0.0992646875 0.716911875 2
0 0.03046875 0.56484375 0.0609375 0.1046875 0.02987 0.5440678125 0 0.052389687500000004 0.604779375 2
0 0.0203125 0.43125 0.03984375 0.07890625 0.019480624999999998 0.4157075 0 0.03125 0.45955874999999996 2
0 0.12578125 0.37109375 0.18203125 0.1703125 0.0625 0.320535625 2 0.2035715625 0.4026784375 2
0 0.32734375 0.31015625 0.12578125 0.17890625 0.32857156249999997 0.2401784375 2 0.3651784375 0.39017843750000003 2
0 0.1765625 0.20703125 0.13828125 0.22109375 0.18482156249999998 0.12321437500000001 2 0.22410718749999997 0.3089284375 2
0 0.2921875 0.209375 0.1765625 0.1421875 0.351785625 0.229464375 2 0.2098215625 0.1678571875 2
0 0.128125 0.10234375 0.1 0.2046875 0.139285625 0.0241071875 2 0.1339284375 0.20089281250000002 2
0 0.04296875 0.29296875 0.0859375 0.1390625 0.0402596875 0.26322968750000003 0 0.0726103125 0.3511028125 2
0 0.03359375 0.13203125 0.0671875 0.20390625 0.02481625 0.06893375 2 0.032467499999999996 0.126488125 0
0 0.06484375 0.02890625 0.1296875 0.0578125 0.0632034375 0.0175378125 0 0.1213234375 0.0229778125 2
0 0.36953125 0.15078125 0.20625 0.1234375 0.304464375 0.1508928125 2 0.439285625 0.120535625 2
0 0.35390625 0.06796875 0.18046875 0.10078125 0.283035625 0.0625 2 0.43839281249999995 0.0821428125 2
0 0.48203125 0.06328125 0.15 0.12265625 0.4178571875 0.025 2 0.5517856250000001 0.1133928125 2
0 0.57734375 0.2015625 0.11640625 0.15859375 0.5401784375 0.1339284375 2 0.6151784375 0.26875 2
0 0.76484375 0.2578125 0.21875 0.1234375 0.6901784375 0.2491071875 2 0.8678571875 0.25625 2
0 0.60078125 0.12421875 0.17734375 0.1703125 0.5767856250000001 0.0678571875 2 0.6785715625 0.20089281250000002 2
0 0.63671875 0.07265625 0.1265625 0.14453125 0.5946428125 0.0125 2 0.689285625 0.1339284375 2
0 0.80390625 0.15703125 0.15390625 0.1265625 0.745535625 0.11696437500000001 2 0.8723215625 0.198214375 2
0 0.7125 0.0609375 0.17890625 0.12109375 0.7955356250000001 0.08125 2 0.633035625 0.0026784375 2
0 0.81640625 0.08203125 0.12265625 0.16328125 0.8214284375 0 2 0.8241071874999999 0.14910718750000002 2
0 0.91171875 0.0640625 0.13515625 0.12734375 0.910010625 0.038583125 0 0.9375 0.1167278125 2
0 0.97265625 0.08515625 0.0546875 0.1421875 0.9816174999999999 0.04044125 2 0.9722403125 0.08170875 0
0 0.971875 0.94296875 0.05625 0.11328125 0.984375 0.9384190625000001 2 0.9710228125 0.94015375 0
0 0.49453125 0.18515625 0.0984375 0.16640625 0.4723215625 0.12410718750000001 2 0.5303571875 0.258035625 2
0 0.42578125 0.25390625 0.13515625 0.12890625 0.38035718749999997 0.2535715625 2 0.48125 0.2089284375 1
0 0.02734375 0.371875 0.0546875 0.04140625 0.025541249999999998 0.3584309375 0 0.0441175 0.379595625 2