0 0.2203125 0.1359375 0.13984375 0.1703125 0.23713250000000002 0.20772062500000002 2 0.2040440625 0.05422781250000001 2
0 0.33046875 0.3078125 0.1921875 0.13515625 0.2628675 0.27757343749999996 2 0.41544125000000004 0.3648896875 2
0 0.89921875 0.2203125 0.196875 0.13125 0.947313125 0.24423187500000001 2 0.80606625 0.16819843750000002 2
0 0.94296875 0.17265625 0.1140625 0.1546875 0.9669118750000001 0.23713250000000002 2 0.89705875 0.10294125000000001 2
0 0.9515625 0.3890625 0.096875 0.15 0.9411765624999999 0.3602940625 2 0.9502840625 0.38508468749999997 0
0 0.82109375 0.4640625 0.15078125 0.140625 0.870404375 0.426470625 2 0.7536765625 0.5229778125 2
0 0.86875 0.6375 0.17109375 0.11484375 0.792279375 0.629595625 2 0.9430146875000001 0.5882353124999999 2
0 0.9359375 0.92421875 0.11796875 0.1515625 0.9338793750000001 0.89417375 0 0.9402575000000001 0.8520221875 2
0 0.45234375 0.84140625 0.196875 0.15 0.3805146875 0.8556984375000001 2 0.548713125 0.8226103124999999 2
0 0.090625 0.91171875 0.1421875 0.16171875 0.1222425 0.9696690625000001 2 0.028492499999999997 0.839154375 2
0 0.42265625 0.69609375 0.1984375 0.121875 0.3428309375 0.689338125 2 0.5147059375 0.6976103124999999 2