0 0.15859375 0.20859375 0.178125 0.1375 0.2151784375 0.1928571875 2 0.0785715625 0.239285625 2
0 0.0734375 0.51015625 0.146875 0.1515625 0.1285715625 0.5482143749999999 2 0 0.4803571875 2
0 0.60390625 0.3484375 0.209375 0.1421875 0.5223215625 0.39375 2 0.6910715625 0.3401784375 2
0 0.69453125 0.14140625 0.175 0.1359375 0.7660715625 0.133035625 2 0.6160715625 0.18035718750000002 2
0 0.79375 0.0625 0.184375 0.125 0.7178571875 0.045535625 2 0.8732143750000001 0.10357156249999999 2
0 0.7109375 0.87890625 0.159375 0.15 0.6705356250000001 0.9348215625 2 0.776785625 0.833035625 2
0 0.3140625 0.8953125 0.1375 0.15 0.3401784375 0.960714375 2 0.273214375 0.8339284375 2
0 0.2015625 0.93515625 0.184375 0.1296875 0.2589284375 0.9741071874999999 2 0.11875 0.9098215625 2
0 0.42734375 0.96015625 0.1953125 0.0796875 0.42516218749999996 0.945171875 0 0.5101103124999999 0.9558825000000001 2
0 0.07109375 0.72578125 0.1421875 0.1078125 0.0692640625 0.7055915625 0 0.1351103125 0.738970625 2
0 0.0328125 0.9046875 0.065625 0.11875 0.0340075 0.9136028125 2 0.020220625 0.88143375 0
0 0.04140625 0.08125 0.0828125 0.1625 0.00643375 0.14430156249999998 2 0.020220625 0 0
0 0.85625 0.49375 0.15625 0.178125 0.858035625 0.42946437499999995 2 0.8848215625 0.5660715625 2
0 0.68046875 0.60234375 0.16875 0.171875 0.651785625 0.54375 2 0.71875 0.6758928125 2
0 0.6296875 0.440625 0.1390625 0.178125 0.6508928125 0.5196428125 2 0.6142856250000001 0.3741071875 2
0 0.50859375 0.53203125 0.125 0.19375 0.5276784375 0.4571428125 2 0.470535625 0.6142856250000001 2
0 0.54921875 0.765625 0.2140625 0.146875 0.48125 0.79375 2 0.633035625 0.7339284375 2
0 0.40390625 0.7109375 0.121875 0.1734375 0.4375 0.6321428124999999 2 0.3785715625 0.7919643749999999 2
0 0.3828125 0.60546875 0.146875 0.078125 0.4401784375 0.6214284375 2 0.32857156249999997 0.5973215625 2
0 0.96015625 0.778125 0.0796875 0.14375 0.9632353124999999 0.7582721875 2 0.9503674999999999 0.7959559375 0
0 0.89921875 0.0234375 0.1140625 0.046875 0.8851103124999999 0.033088125 2 0.9246325000000001 0.0193015625 0