0 0.7390625 0.81484375 0.128125 0.184375 0 0 0 0 0 0
0 0.78671875 0.6609375 0.140625 0.21875 0 0 0 0 0 0
0 0.93828125 0.47109375 0.1234375 0.1640625 0 0 0 0 0 0
0 0.89296875 0.30859375 0.1890625 0.14375 0 0 0 0 0 0
0 0.90546875 0.1921875 0.1890625 0.15625 0 0 0 0 0 0
0 0.58046875 0.3546875 0.190625 0.1421875 0 0 0 0 0 0
0 0.53046875 0.49765625 0.140625 0.171875 0 0 0 0 0 0
0 0.47734375 0.18984375 0.15625 0.1203125 0 0 0 0 0 0
0 0.3453125 0.31796875 0.125 0.2109375 0 0 0 0 0 0
0 0.3375 0.02578125 0.115625 0.0515625 0 0 0 0 0 0
0 0.03671875 0.3203125 0.0734375 0.13125 0 0 0 0 0 0