0 0.21953125 0.6203125 0.1609375 0.153125 0.1657290625 0.5630671875 2 0.27896031250000003 0.6629165625 2
0 0.1375 0.5703125 0.10625 0.16875 0.16984656250000002 0.518804375 2 0.09676125 0.6402703125 2
0 0.2015625 0.2140625 0.17578125 0.12109375 0.1317596875 0.2244034375 2 0.28410718749999997 0.20587468750000001 2
0 0.078125 0.35 0.15625 0.1296875 0.080603125 0.3756434375 0 0.1255834375 0.36748625 2
0 0.0875 0.14375 0.17265625 0.13984375 0.005146875 0.1646996875 2 0.1657290625 0.1420534375 2
0 0.0859375 0.778125 0.171875 0.15625 0.007205625 0.796735 2 0.1626409375 0.76585375 2
0 0.103125 0.91953125 0.1859375 0.13046875 0.025734374999999997 0.954229375 2 0.1595528125 0.867761875 2
0 0.31796875 0.92734375 0.15859375 0.1453125 0.2871953125 0.91408375 2 0.389103125 0.9964334375 2
0 0.35390625 0.9671875 0.18515625 0.065625 0.3512971875 0.9544128125 0 0.2779309375 0.9686406249999999 2
0 0.42578125 0.890625 0.20078125 0.14375 0.35719249999999997 0.886290625 2 0.518804375 0.896584375 2
0 0.60234375 0.8546875 0.18359375 0.14296875 0.53218625 0.8348218749999999 2 0.6814453125 0.900701875 2
0 0.709375 0.95078125 0.1546875 0.0921875 0.768941875 0.929524375 2 0.6382115625 0.9830515625 2
0 0.853125 0.93046875 0.18515625 0.1390625 0.8492331249999999 0.904819375 0 0.9202600000000001 0.8852612499999999 2
0 0.9359375 0.9328125 0.128125 0.11875 0.88937875 0.9017312499999999 2 0.9339984375 0.92983875 0
0 0.86875 0.80625 0.20625 0.17890625 0.8059993750000001 0.77203 2 0.964523125 0.88114375 2
0 0.7359375 0.72109375 0.21015625 0.203125 0.6979153124999999 0.6732103125 2 0.8039406250000001 0.7885 2
0 0.9390625 0.740625 0.121875 0.175 0.9079075 0.6989446874999999 2 0.9377103124999999 0.7367740625 0
0 0.965625 0.678125 0.06875 0.1453125 0.9634937499999999 0.7010034375 2 0.964755 0.673810625 0
0 0.8265625 0.66171875 0.16640625 0.1578125 0.799823125 0.6042421874999999 2 0.884231875 0.7277671875 2
0 0.8125 0.55859375 0.15625 0.15234375 0.76173625 0.49409937499999995 2 0.853350625 0.6238003125 2
0 0.80546875 0.4578125 0.184375 0.159375 0.764824375 0.401455625 2 0.8821731249999999 0.522921875 2
0 0.81953125 0.4078125 0.2484375 0.171875 0.7576190625 0.378809375 2 0.935700625 0.41895499999999997 2
0 0.76015625 0.2890625 0.17421875 0.16328125 0.7133559375 0.23366781250000002 2 0.813205 0.35101625 2
0 0.8875 0.25078125 0.1546875 0.2140625 0.8543799999999999 0.16881718750000002 2 0.9202600000000001 0.3407225 2
0 0.93125 0.175 0.1375 0.1875 0.894525625 0.11837781249999998 2 1 0.2377853125 2
0 0.65390625 0.13046875 0.21171875 0.1546875 0.5713021875 0.11734843749999999 2 0.7483546875 0.1564646875 2
0 0.53125 0.278125 0.14375 0.2171875 0.53218625 0.20690406249999999 2 0.506451875 0.37983875 2
0 0.62421875 0.50390625 0.17578125 0.17578125 0.5743903125 0.461159375 2 0.6979153124999999 0.5867428125 2
0 0.5375 0.4921875 0.13046875 0.17734375 0.502334375 0.43130750000000007 2 0.5918896874999999 0.5723315625 2
0 0.46953125 0.5453125 0.13828125 0.18203125 0.46424750000000004 0.46630625 2 0.4807175 0.6268884375 2
0 0.36484375 0.54765625 0.1203125 0.17734375 0.36748625 0.4889525 2 0.331458125 0.6289471875 2
0 0.6671875 0.39609375 0.1546875 0.20078125 0.6546815625 0.3119003125 2 0.6793865625 0.48998187499999996 2
0 0.51484375 0.7125 0.17578125 0.1390625 0.45807125 0.6618871875 2 0.5774784375 0.76173625 2
0 0.8203125 0.93125 0.184375 0.1375 0.8246528124999999 0.90628625 0 0.8996725 0.8996725 2