0 0.31953125 0.35703125 0.1296875 0.175 0.59375 0.3258928125 2 0.7223215625 0.3116071875 2
0 0.234375 0.17734375 0.128125 0.178125 0.895535625 0.25714281250000004 2 0.7383928125 0.226785625 2
0 0.3796875 0.153125 0.178125 0.1625 0.8223215625 0.425 2 0.916964375 0.3 2
0 0.49609375 0.21640625 0.109375 0.18125 0.7294643749999999 0.49196437499999995 2 0.8678571875 0.508035625 2
0 0.57109375 0.4625 0.1421875 0.1890625 0.46875 0.566964375 2 0.625 0.5678571875 2
0 0.578125 0.2328125 0.1375 0.140625 0.714285625 0.54375 2 0.8303571875 0.629464375 2
0 0.15234375 0.49375 0.1828125 0.1515625 0.5383928124999999 0.2196428125 2 0.454464375 0.0714284375 2
0 0.24375 0.771875 0.1359375 0.1796875 0.16875 0.239285625 2 0.3089284375 0.29553562499999997 2
0 0.06796875 0.228125 0.1140625 0.16875 0.720535625 0.06339281249999999 2 0.8508928125 0.0625 2
0 0.07421875 0.59609375 0.1171875 0.159375 0.3625 0.095535625 2 0.4741071875 0.0410715625 2
0 0.11328125 0.89921875 0.1375 0.19375 0.029464374999999998 0.133035625 2 0.1883928125 0.07589281249999999 2
0 0.16328125 0.70625 0.165625 0.15 0.335714375 0.2339284375 2 0.23660718749999998 0.085714375 2
0 0.1390625 0.64296875 0.146875 0.171875 0.4089284375 0.18303562499999998 2 0.2803571875 0.09375 2
0 0.03515625 0.36796875 0.06875 0.15 0.6294375 0.0210453125 0 0.6911765625 0.05514718749999999 2
0 0.02265625 0.12421875 0.0453125 0.125 0.87356625 0.0137603125 0 0.8667278125 0.042279375 2
0 0.50625 0.92421875 0.18125 0.1515625 0.05 0.4339284375 2 0.09821437499999999 0.589285625 2
0 0.465625 0.81796875 0.159375 0.153125 0.1553571875 0.39910718749999996 2 0.233035625 0.53125 2
0 0.45546875 0.721875 0.153125 0.1546875 0.23839281250000002 0.43125 2 0.3258928125 0.523214375 2
0 0.45625 0.60078125 0.1359375 0.1578125 0.35 0.46875 2 0.46964281249999995 0.4133928125 2
0 0.46875 0.525 0.11875 0.196875 0.40178562500000004 0.4321428125 2 0.504464375 0.485714375 2
0 0.55859375 0.675 0.09375 0.1640625 0.275 0.5625 2 0.40178562500000004 0.5589284375 2
0 0.675 0.12421875 0.115625 0.2015625 0.8026784375 0.6821428125 2 0.9678571874999999 0.6491071875000001 2
0 0.76015625 0.075 0.128125 0.15 0.8878674999999999 0.7711396875000001 2 0.9227271874999999 0.75625 0
0 0.73046875 0.2265625 0.15 0.16875 0.7428571875000001 0.6848215625 2 0.8223215625 0.7758928125 2
0 0.85390625 0.16953125 0.1296875 0.1703125 0.789285625 0.8678571875 2 0.9071428125000001 0.8276784375 2
0 0.7921875 0.33203125 0.1109375 0.18125 0.6107143749999999 0.7848215625 2 0.75 0.8026784375 2
0 0.90625 0.04765625 0.115625 0.0953125 0.9301471875 0.9237131249999999 2 0.9507846875 0.9030259375 0
0 0.93984375 0.7859375 0.115625 0.1671875 0.15 0.9598215625 2 0.2875 0.9196428125 2
0 0.8828125 0.49453125 0.125 0.16875 0.45 0.8866071874999999 2 0.5785715625 0.835714375 2
0 0.77109375 0.54140625 0.19375 0.109375 0.454464375 0.6901784375 2 0.46785718750000005 0.854464375 2
0 0.62109375 0.54609375 0.090625 0.15625 0.408035625 0.6276784375 2 0.523214375 0.6241071875 2
0 0.653125 0.6171875 0.115625 0.1375 0.3241071875 0.6419643749999999 2 0.44375 0.685714375 2
0 0.7453125 0.64453125 0.1421875 0.14375 0.30625 0.6901784375 2 0.42142843750000003 0.8035715625 2
0 0.70625 0.4890625 0.11875 0.1703125 0.4651784375 0.7098215625 2 0.5910715625 0.685714375 2
0 0.69921875 0.365625 0.1125 0.1703125 0.5633928125 0.7285715625 2 0.6991071875 0.6839284375 2
0 0.88671875 0.36640625 0.115625 0.1421875 0.5714284375 0.8848215625 2 0.6901784375 0.8767856249999999 2
0 0.94296875 0.39140625 0.1125 0.14375 0.6479778125 0.9209559374999999 2 0.6067640625 0.94015375 0
0 0.96875 0.31796875 0.0625 0.0734375 0.6875 0.9604778125 2 0.6811225000000001 0.9674853125 0
0 0.9046875 0.27890625 0.14375 0.1609375 0.675 0.8535715625 2 0.7758928125 0.9535715625 2
0 0.9484375 0.1703125 0.103125 0.15625 0.7821690625 0.9347424999999999 2 0.8271106250000001 0.9458084375 0
0 0.90703125 0.946875 0.10625 0.10625 0.051515 0.8856790625000001 0 0.0992646875 0.9512868750000001 2
0 0.78046875 0.940625 0.1421875 0.11875 0.057575625 0.75272125 0 0.109375 0.8419118750000001 2
0 0.8453125 0.80234375 0.1359375 0.1109375 0.23660718749999998 0.801785625 2 0.15357156249999998 0.8973215625 2
0 0.76328125 0.7859375 0.1875 0.175 0.179464375 0.6973215625 2 0.279464375 0.8410715625 2
0 0.83671875 0.63671875 0.125 0.2015625 0.28839281250000004 0.80625 2 0.43303562500000004 0.86875 2
0 0.61484375 0.953125 0.1125 0.09375 0.0454546875 0.5929246874999999 0 0.082720625 0.6488971875 2
0 0.35859375 0.90625 0.11875 0.1875 0.023214375000000002 0.341964375 2 0.1821428125 0.364285625 2
0 0.2546875 0.95078125 0.065625 0.0984375 0.048051875 0.2422875 0 0.0928309375 0.261029375 2
0 0.02421875 0.61875 0.0484375 0.221875 0.276654375 0.0009190625 2 0.46875 0.0082721875 2
0 0.61640625 0.77265625 0.09375 0.175 0.175 0.6098215625 2 0.29375 0.6339284375 2
0 0.65 0.7734375 0.0859375 0.165625 0.1741071875 0.6678571875 2 0.2839284375 0.623214375 2
0 0.5609375 0.05546875 0.125 0.1109375 0.9347424999999999 0.5753675 2 0.9434253125 0.5572421875 0
0 0.115625 0.0375 0.090625 0.075 0.9604778125 0.123161875 2 0.973345625 0.1066175 0
0 0.2078125 0.02578125 0.1359375 0.05 0.9632353124999999 0.19669125 2 0.9737821875 0.20426562499999998 0
0 0.93046875 0.65 0.1375 0.10625 0.370404375 0.886029375 2 0.34840375 0.9269590624999999 0
0 0.9125 0.72265625 0.1359375 0.1015625 0.25535718749999997 0.875 2 0.3098215625 0.9553571875 1
0 0.96171875 0.62890625 0.071875 0.153125 0.304464375 0.9598215625 2 0.44553562500000005 0.975 2
0 0.03203125 0.94921875 0.0625 0.075 0.049756562500000004 0.019156875 0 0.0275734375 0.05606625 2