0 0.5203125 0.2609375 0.11875 0.1875 0 0 0 0 0 0
0 0.39453125 0.26796875 0.13125 0.13125 0 0 0 0 0 0
0 0.34765625 0.346875 0.1078125 0.15625 0 0 0 0 0 0
0 0.3875 0.45078125 0.128125 0.15 0 0 0 0 0 0
0 0.46640625 0.49296875 0.146875 0.140625 0 0 0 0 0 0
0 0.3890625 0.56875 0.128125 0.1140625 0 0 0 0 0 0
0 0.4953125 0.69765625 0.171875 0.1625 0 0 0 0 0 0
0 0.46015625 0.82265625 0.18125 0.1015625 0 0 0 0 0 0
0 0.4625 0.965625 0.13125 0.06875 0 0 0 0 0 0
0 0.3578125 0.85703125 0.1234375 0.20625 0 0 0 0 0 0
0 0.28984375 0.759375 0.1625 0.1296875 0 0 0 0 0 0
0 0.2125 0.7953125 0.153125 0.14375 0 0 0 0 0 0
0 0.015625 0.92265625 0.03125 0.090625 0 0 0 0 0 0
0 0.02265625 0.771875 0.0453125 0.1 0 0 0 0 0 0
0 0.0671875 0.703125 0.134375 0.14375 0 0 0 0 0 0
0 0.16640625 0.69921875 0.103125 0.159375 0 0 0 0 0 0
0 0.259375 0.61953125 0.1265625 0.140625 0 0 0 0 0 0
0 0.34921875 0.6625 0.159375 0.146875 0 0 0 0 0 0
0 0.57578125 0.52265625 0.11875 0.2 0 0 0 0 0 0
0 0.62734375 0.44609375 0.1203125 0.159375 0 0 0 0 0 0
0 0.6828125 0.35703125 0.115625 0.15 0 0 0 0 0 0
0 0.7484375 0.3515625 0.1015625 0.15625 0 0 0 0 0 0
0 0.82421875 0.340625 0.115625 0.1625 0 0 0 0 0 0
0 0.91328125 0.3234375 0.1046875 0.14375 0 0 0 0 0 0
0 0.9640625 0.49765625 0.071875 0.1734375 0 0 0 0 0 0
0 0.975 0.33359375 0.05 0.228125 0 0 0 0 0 0
0 0.965625 0.15703125 0.06875 0.1453125 0 0 0 0 0 0
0 0.88984375 0.06484375 0.1125 0.1296875 0 0 0 0 0 0
0 0.90625 0.209375 0.159375 0.140625 0 0 0 0 0 0
0 0.75078125 0.22109375 0.2 0.121875 0 0 0 0 0 0
0 0.759375 0.15703125 0.1625 0.0984375 0 0 0 0 0 0
0 0.78828125 0.09375 0.1453125 0.06875 0 0 0 0 0 0
0 0.803125 0.04609375 0.0953125 0.090625 0 0 0 0 0 0
0 0.6921875 0.03828125 0.1140625 0.0765625 0 0 0 0 0 0
0 0.58671875 0.08828125 0.121875 0.159375 0 0 0 0 0 0
0 0.49609375 0.03359375 0.0765625 0.0671875 0 0 0 0 0 0
0 0.39140625 0.04375 0.159375 0.0875 0 0 0 0 0 0
0 0.31484375 0.16484375 0.1 0.1703125 0 0 0 0 0 0
0 0.2734375 0.09609375 0.128125 0.1625 0 0 0 0 0 0
0 0.15390625 0.03125 0.096875 0.0625 0 0 0 0 0 0
0 0.1578125 0.15390625 0.165625 0.1 0 0 0 0 0 0
0 0.1578125 0.2328125 0.1625 0.1015625 0 0 0 0 0 0
0 0.25859375 0.2640625 0.134375 0.19375 0 0 0 0 0 0
0 0.23828125 0.36171875 0.196875 0.175 0 0 0 0 0 0
0 0.3015625 0.42890625 0.084375 0.165625 0 0 0 0 0 0
0 0.2140625 0.446875 0.153125 0.190625 0 0 0 0 0 0
0 0.64921875 0.87421875 0.15625 0.1734375 0 0 0 0 0 0
0 0.671875 0.94765625 0.0828125 0.1046875 0 0 0 0 0 0
0 0.58359375 0.95078125 0.0984375 0.0984375 0 0 0 0 0 0
0 0.8015625 0.96171875 0.146875 0.0765625 0 0 0 0 0 0
0 0.91171875 0.94375 0.109375 0.1125 0 0 0 0 0 0
0 0.98359375 0.8203125 0.0328125 0.075 0 0 0 0 0 0