0 0.49609375 0.58515625 0.19609375 0.13984375 0.5517856250000001 0.629464375 2 0.4375 0.5258928125 2
0 0.66484375 0.4421875 0.16796875 0.225 0.6464284375 0.5053571875 2 0.7258928124999999 0.33839281250000003 2
0 0.1171875 0.31015625 0.19296875 0.1546875 0.06339281249999999 0.3428571875 2 0.204464375 0.2839284375 2
0 0.1046875 0.0859375 0.19375 0.171875 0.1741071875 0.04375 2 0.014285625 0.13125 2
0 0.2109375 0.15703125 0.16484375 0.13359375 0.16071437500000002 0.1776784375 2 0.28660718749999997 0.1196428125 2
0 0.6171875 0.0578125 0.1171875 0.11484375 0.61554375 0.034805625 0 0.607536875 0.109375 2
0 0.9625 0.13671875 0.075 0.1390625 0.9834559374999999 0.1056984375 2 0.96182375 0.133270625 0
0 0.8484375 0.57265625 0.15078125 0.18359375 0.8660715625 0.6473215625 2 0.858035625 0.48125 2
0 0.8421875 0.70078125 0.14296875 0.18828125 0.8464284375 0.7776784375 2 0.829464375 0.6035715625 2
0 0.79765625 0.78828125 0.1609375 0.1765625 0.8375 0.8339284375 2 0.7241071875 0.7080356250000001 2
0 0.94140625 0.59140625 0.1171875 0.2046875 0.9803571874999999 0.6776784375 2 0.9401784375 0.5276784375 2
0 0.8984375 0.80859375 0.12734375 0.1578125 0.895535625 0.8723215625 2 0.9366071874999999 0.7294643749999999 2
0 0.92734375 0.93671875 0.14453125 0.10390625 0.8915440625000001 0.9402575000000001 2 0.925486875 0.9337303125 0
0 0.3 0.95 0.1609375 0.1 0.29756499999999997 0.9302187500000001 0 0.22702218749999997 0.9457721875 2
0 0.19609375 0.978125 0.0953125 0.04375 0.1954275 0.9700940625 0 0.17830875 0.9650734375000001 2
0 0.3109375 0.021875 0.0625 0.04375 0.30976750000000003 0.013220625 0 0.32444843749999996 0.0349265625 2
0 0.53125 0.0296875 0.125 0.05859375 0.5680146875000001 0.0321690625 2 0.5293559375 0.027827499999999998 0
0 0.06328125 0.52890625 0.12578125 0.1390625 0.1066175 0.533088125 2 0.0610390625 0.5247025 0
0 0.1015625 0.684375 0.203125 0.140625 0.1741071875 0.7089284375 2 0.019642812500000002 0.6303571875 2
0 0.37890625 0.6765625 0.19296875 0.18125 0.42946437499999995 0.7428571875000001 2 0.3321428125 0.6178571875000001 2
0 0.3875 0.80390625 0.2 0.1296875 0.451785625 0.8178571874999999 2 0.29375 0.7714284375 2
0 0.25078125 0.7546875 0.1921875 0.16875 0.3008928125 0.825 2 0.1928571875 0.689285625 2
0 0.24453125 0.8265625 0.21484375 0.1359375 0.3 0.8571428125 2 0.1473215625 0.7723215625 2
0 0.09765625 0.79375 0.19453125 0.1984375 0.15357156249999998 0.8392856249999999 2 0.0035715625 0.7214284375 2