0 0.65 0.83671875 0.13515625 0.19453125 0.619938125 0.7682121875 2 0.6819321875 0.9299075 2
0 0.8078125 0.80234375 0.11796875 0.184375 0.7822725 0.7253915625 2 0.820619375 0.8877259375 2
0 0.7234375 0.6515625 0.1390625 0.13359375 0.66275875 0.617381875 2 0.7835509375 0.7094137500000001 2
0 0.45 0.75625 0.18984375 0.10078125 0.370045625 0.7714078125 2 0.538131875 0.789941875 2
0 0.478125 0.64453125 0.19375 0.10234375 0.405196875 0.6346378125000001 2 0.5662528124999999 0.6697890625 2
0 0.6203125 0.56875 0.11875 0.1140625 0.6493375 0.5470796874999999 2 0.5688093750000001 0.6180209375 2
0 0.8296875 0.61796875 0.134375 0.14921875 0.794415625 0.5630571875 2 0.8864478124999999 0.6832103125 2
0 0.93671875 0.8640625 0.1 0.19140625 0.9414115625000001 0.9158468750000001 2 0.9068993750000001 0.7771596875 2
0 0.328125 0.9328125 0.1890625 0.11796875 0.385384375 0.967615 2 0.2415840625 0.89667375 2
0 0.3 0.8125 0.1625 0.1359375 0.237749375 0.7931375 2 0.37132375 0.8615225000000001 2
0 0.13515625 0.765625 0.15 0.07578125 0.200041875 0.791859375 2 0.0754153125 0.7426478125 2
0 0.15390625 0.6921875 0.1671875 0.1 0.08372375 0.6729846875 2 0.230719375 0.7273090625 2
0 0.2859375 0.6546875 0.15625 0.1390625 0.22752374999999997 0.6071559375 2 0.3572634375 0.7132484375 2
0 0.44765625 0.4796875 0.11953125 0.1890625 0.4697471875 0.41734 2 0.43012218750000003 0.5668918749999999 2
0 0.53671875 0.43046875 0.10703125 0.14921875 0.5112893749999999 0.37835406250000003 2 0.579674375 0.49914625 2
0 0.7203125 0.56484375 0.12578125 0.17421875 0.745843125 0.6384725 2 0.6876840625 0.48572468750000003 2
0 0.9171875 0.54921875 0.13125 0.153125 0.8730265625 0.600765 2 0.973366875 0.48508562499999996 2
0 0.6953125 0.40625 0.1375 0.15625 0.735520625 0.4687853125 2 0.6737428125 0.3524975 2
0 0.95078125 0.40546875 0.0984375 0.1234375 0.949734375 0.38111656250000003 0 0.9120121875 0.3553459375 2
0 0.93125 0.7078125 0.1375 0.11796875 0.8985909375000001 0.7471215625000001 2 0.9293215625 0.7114021875 0
0 0.95703125 0.62421875 0.0859375 0.0859375 0.9563190625000001 0.6078574999999999 0 0.92096 0.6314421875 2
0 0.9625 0.809375 0.06953125 0.16640625 0.9625021874999999 0.7407303125 2 0.9599456249999999 0.8723875 2
0 0.9515625 0.9609375 0.09609375 0.078125 0.9938184375000001 0.9452459375 2 0.9503928125 0.9586215625 0
0 0.18203125 0.9453125 0.1703125 0.109375 0.1239875 0.9318246875 2 0.180190625 0.942768125 0
0 0.21640625 0.4171875 0.17265625 0.090625 0.291435 0.4441825 2 0.142521875 0.3860234375 2
0 0.53046875 0.2953125 0.159375 0.07578125 0.462716875 0.299104375 2 0.5962912499999999 0.320195 2
0 0.64140625 0.2421875 0.1828125 0.1859375 0.60523875 0.3099690625 2 0.6985490624999999 0.17895125 2
0 0.78515625 0.23203125 0.10703125 0.16640625 0.7746034374999999 0.1706428125 2 0.8270103125 0.30485625 2
0 0.865625 0.22265625 0.1296875 0.15703125 0.8212584375 0.1859815625 2 0.9190425 0.291435 2
0 0.51015625 0.178125 0.18515625 0.1046875 0.42948312499999997 0.1949290625 2 0.600765 0.2006809375 2
0 0.36953125 0.38125 0.11953125 0.14609375 0.416700625 0.3240296875 2 0.327225 0.44162625 2
0 0.16484375 0.29453125 0.103125 0.15078125 0.1450784375 0.3649328125 2 0.1744775 0.2313584375 2
0 0.2546875 0.33046875 0.13828125 0.0921875 0.19429000000000002 0.3674890625 2 0.30485625 0.3010215625 2
0 0.40234375 0.27890625 0.14609375 0.15 0.449295625 0.22752374999999997 2 0.345759375 0.3432028125 2
0 0.29453125 0.24765625 0.1609375 0.10078125 0.36429374999999997 0.28057 2 0.2211325 0.2038765625 2
0 0.353125 0.16484375 0.1859375 0.1125 0.2677878125 0.1891771875 2 0.44162625 0.171281875 2
0 0.4546875 0.084375 0.1828125 0.14375 0.37196281249999996 0.098423125 2 0.5342971875 0.0945884375 2
0 0.27578125 0.121875 0.13515625 0.14375 0.2211325 0.1763946875 2 0.3316990625 0.067106875 2
0 0.1015625 0.1296875 0.16015625 0.14609375 0.14827375 0.173199375 2 0.0281209375 0.0645503125 2
0 0.17109375 0.07109375 0.12265625 0.1421875 0.1872596875 0.12782218750000002 2 0.17314125 0.07488249999999999 0
0 0.03671875 0.2015625 0.0734375 0.153125 0.0378625 0.231661875 0 0.054324375 0.1418828125 2
0 0.02421875 0.0984375 0.0484375 0.153125 0.0253515625 0.12985 0 0.040264062499999996 0.17192093749999998 2
0 0.07109375 0.0296875 0.0984375 0.059375 0.06945 0.0419221875 0 0.031955625 0.052407187499999994 2
0 0.18046875 0.0203125 0.1984375 0.040625 0.272900625 0.0127821875 2 0.0901146875 0.013421250000000001 2
0 0.8109375 0.51875 0.15234375 0.090625 0.7456959375000001 0.5291096875 2 0.8779731249999999 0.5283828125000001 1
0 0.8234375 0.48203125 0.15625 0.16171875 0.8481743749999999 0.551640625 2 0.76095875 0.41354875 2
0 0.98125 0.53515625 0.03671875 0.08125 0.9819056249999999 0.550186875 2 0.9971684375000001 0.5225684375 0
0 0.22109375 0.51015625 0.15625 0.11640625 0.1651584375 0.483565 2 0.284263125 0.5494693749999999 2
0 0.08515625 0.471875 0.16796875 0.08203125 0.15563 0.48197687499999997 2 0.00317625 0.47165437499999996 2
0 0.03984375 0.50078125 0.0796875 0.0515625 0.041313749999999996 0.51188 0 0.07384500000000001 0.5129440625 2
0 0.10390625 0.61640625 0.17265625 0.075 0.0277909375 0.6082278125 2 0.1810390625 0.6288725000000001 2
0 0.05625 0.64609375 0.1125 0.06015625 0.0546678125 0.6344040625 0 0.1032240625 0.6328428125000001 2
0 0.0359375 0.75078125 0.07109375 0.1296875 0.0238209375 0.7543296875000001 0 0.0528246875 0.8002934375 2
0 0.1125 0.95234375 0.10390625 0.09453125 0.11101187500000001 0.933905 0 0.0647103125 0.91914875 2
0 0.0515625 0.88671875 0.103125 0.0703125 0.07263375 0.890755625 2 0.0530646875 0.8884259374999999 0