0 0.13125 0.73359375 0.175 0.1625 0.19375 0.7071428125 2 0.05625 0.7866071875 2
0 0.1453125 0.575 0.2 0.14609375 0.2223215625 0.5883928125 2 0.052678437499999994 0.5598215625 2
0 0.53046875 0.8 0.18046875 0.14453125 0.6026784375 0.7964284375 2 0.45267843750000003 0.7866071875 2
0 0.7921875 0.88671875 0.1296875 0.22578125 0.8089284375 0.8125 2 0.7848215625 0.985714375 2
0 0.53203125 0.6390625 0.2125 0.14609375 0.6026784375 0.6080356250000001 2 0.4339284375 0.64375 2
0 0.45078125 0.56328125 0.15625 0.11328125 0.508035625 0.554464375 2 0.3839284375 0.5794643749999999 2
0 0.67734375 0.66328125 0.19296875 0.14453125 0.7464284375 0.6446428125 2 0.5964284375 0.683035625 2
0 0.7359375 0.74453125 0.1328125 0.1625 0.775 0.7607143749999999 2 0.6982143749999999 0.6875 2
0 0.82265625 0.6875 0.09609375 0.1515625 0.825 0.6401784375 2 0.8035715625 0.7491071875 2
0 0.02265625 0.4890625 0.04453125 0.13515625 0.033035625 0.451785625 2 0.021645 0.48509437499999997 0
0 0.4859375 0.9671875 0.1109375 0.06484375 0.46875 0.9852940625000001 2 0.484036875 0.9656 0