0 0.36015625 0.77109375 0.1546875 0.146875 0 0 0 0 0 0
0 0.553125 0.61171875 0.2078125 0.13125 0 0 0 0 0 0
0 0.53828125 0.5296875 0.1875 0.13125 0 0 0 0 0 0
0 0.4984375 0.34296875 0.18125 0.171875 0 0 0 0 0 0
0 0.08515625 0.5578125 0.140625 0.2296875 0 0 0 0 0 0
0 0.19140625 0.2078125 0.184375 0.15 0 0 0 0 0 0
0 0.09765625 0.15078125 0.19375 0.15 0 0 0 0 0 0
0 0.48046875 0.09453125 0.21875 0.171875 0 0 0 0 0 0
0 0.66953125 0.86328125 0.18125 0.1125 0 0 0 0 0 0
0 0.79140625 0.88359375 0.146875 0.184375 0 0 0 0 0 0
0 0.628125 0.9484375 0.10625 0.103125 0 0 0 0 0 0
0 0.37578125 0.9546875 0.10625 0.0890625 0 0 0 0 0 0
0 0.93046875 0.86875 0.1375 0.128125 0 0 0 0 0 0
0 0.8953125 0.9578125 0.175 0.084375 0 0 0 0 0 0
0 0.94296875 0.5921875 0.1125 0.15 0 0 0 0 0 0
0 0.9453125 0.29296875 0.109375 0.128125 0 0 0 0 0 0