0 0.3703125 0.28984375 0.134375 0.196875 0 0 0 0 0 0
0 0.3859375 0.0734375 0.1796875 0.1125 0 0 0 0 0 0
0 0.0515625 0.16484375 0.103125 0.0890625 0 0 0 0 0 0
0 0.17890625 0.6203125 0.1921875 0.1484375 0 0 0 0 0 0
0 0.096875 0.74921875 0.115625 0.1921875 0 0 0 0 0 0
0 0.47890625 0.55234375 0.128125 0.165625 0 0 0 0 0 0
0 0.62890625 0.47265625 0.1890625 0.1375 0 0 0 0 0 0
0 0.8984375 0.25078125 0.203125 0.1703125 0 0 0 0 0 0
0 0.871875 0.06796875 0.140625 0.1359375 0 0 0 0 0 0
0 0.7421875 0.05859375 0.11875 0.1171875 0 0 0 0 0 0
0 0.5921875 0.06328125 0.20625 0.1265625 0 0 0 0 0 0
0 0.721875 0.66015625 0.1375 0.128125 0 0 0 0 0 0
0 0.78046875 0.7203125 0.14375 0.225 0 0 0 0 0 0
0 0.89296875 0.67890625 0.171875 0.1421875 0 0 0 0 0 0
0 0.96875 0.5375 0.0625 0.1359375 0 0 0 0 0 0
0 0.6671875 0.9515625 0.128125 0.096875 0 0 0 0 0 0