0 0.5046875 0.81171875 0.16875 0.1796875 0.4491071875 0.8428571874999999 2 0.5821428125 0.7616071875 2
0 0.2390625 0.78359375 0.1375 0.21328125 0.25535718749999997 0.8741071874999999 2 0.233035625 0.6946428124999999 2
0 0.95234375 0.79140625 0.0953125 0.10390625 0.9507846875 0.77058375 0 0.9133928125 0.8026784375 2
0 0.7828125 0.965625 0.1328125 0.06875 0.75 0.9770221875 2 0.780695625 0.9637153125 0
0 0.1046875 0.64375 0.209375 0.121875 0.020535625 0.633035625 1 0.20089281250000002 0.6303571875 2
0 0.05859375 0.8953125 0.1171875 0.1875 0.060714375 0.975 2 0.073214375 0.80625 2
0 0.1828125 0.9484375 0.17890625 0.103125 0.18033 0.9282031249999999 0 0.263786875 0.93106625 2
0 0.296875 0.3765625 0.1828125 0.1359375 0.3571428125 0.41071437499999996 2 0.21875 0.3223215625 2
0 0.046875 0.4296875 0.09375 0.19375 0.048713125 0.511029375 2 0.045594687499999995 0.4245534375 0
0 0.09140625 0.38671875 0.1828125 0.1078125 0 0.38125 1 0.175 0.39017843750000003 2
0 0.03515625 0.65234375 0.06953125 0.12734375 0.0303309375 0.6130515625 0 0.045036875 0.6323528125 2
0 0.4609375 0.259375 0.13828125 0.14765625 0.435714375 0.225 2 0.5178571875 0.325 2
0 0.3 0.24375 0.15390625 0.15390625 0.2633928125 0.26875 2 0.36875 0.179464375 2
0 0.16484375 0.1453125 0.14921875 0.09609375 0.108035625 0.1553571875 2 0.2348215625 0.1303571875 2
0 0.4453125 0.07109375 0.2171875 0.13203125 0.5205356250000001 0.0821428125 2 0.3446428125 0.0375 2
0 0.68359375 0.14375 0.18671875 0.11640625 0.7705356250000001 0.15178562499999998 2 0.5928571875 0.12767843750000002 2
0 0.58515625 0.33046875 0.15078125 0.13203125 0.6473215625 0.28660718749999997 2 0.5196428125 0.3714284375 2
0 0.7828125 0.33359375 0.1484375 0.19765625 0.79375 0.258035625 2 0.7375 0.42232156249999997 2
0 0.72578125 0.21953125 0.16171875 0.1265625 0.654464375 0.260714375 2 0.7991071875 0.21339281250000003 2
0 0.91484375 0.17734375 0.1703125 0.16875 0.859375 0.16819843750000002 2 0.9121484375 0.17254468750000002 0
0 0.96328125 0.2859375 0.0734375 0.20546875 0.9622834375 0.2450925 0 0.9494484375000001 0.1902575 2
0 0.79765625 0.07890625 0.17890625 0.09609375 0.73125 0.0776784375 2 0.8821428125 0.085714375 2
0 0.1828125 0.35390625 0.16484375 0.15625 0.23214281250000002 0.4089284375 2 0.1178571875 0.2821428125 2
0 0.08515625 0.2421875 0.16953125 0.175 0.1222425 0.2757353125 2 0.0822765625 0.237276875 0
0 0.7390625 0.040625 0.0953125 0.08125 0.729779375 0.0441175 2 0.7373918749999999 0.038368124999999996 0
0 0.02265625 0.03359375 0.0453125 0.0671875 0.0220778125 0.020505625 0 0.03768375 0.0119484375 2
0 0.65859375 0.0265625 0.0921875 0.053125 0.6583334375 0.01618875 0 0.6838234375 0.046875 2