0 0.50390625 0.4625 0.1671875 0.1125 0 0 0 0 0 0
0 0.35390625 0.3765625 0.1421875 0.171875 0 0 0 0 0 0
0 0.3375 0.26015625 0.1625 0.1109375 0 0 0 0 0 0
0 0.23984375 0.25546875 0.153125 0.140625 0 0 0 0 0 0
0 0.65703125 0.3484375 0.1078125 0.2125 0 0 0 0 0 0
0 0.803125 0.45234375 0.15625 0.1078125 0 0 0 0 0 0
0 0.8421875 0.50078125 0.125 0.11875 0 0 0 0 0 0
0 0.68984375 0.51015625 0.16875 0.1125 0 0 0 0 0 0
0 0.5390625 0.5796875 0.1203125 0.159375 0 0 0 0 0 0
0 0.66640625 0.61484375 0.16875 0.13125 0 0 0 0 0 0
0 0.81796875 0.66171875 0.1734375 0.1140625 0 0 0 0 0 0
0 0.30546875 0.58671875 0.1703125 0.15625 0 0 0 0 0 0
0 0.39765625 0.63515625 0.1671875 0.103125 0 0 0 0 0 0
0 0.371875 0.7234375 0.175 0.1078125 0 0 0 0 0 0
0 0.06875 0.24921875 0.134375 0.1 0 0 0 0 0 0
0 0.14921875 0.49765625 0.203125 0.1328125 0 0 0 0 0 0
0 0.16328125 0.33046875 0.2 0.1078125 0 0 0 0 0 0
0 0.09140625 0.38984375 0.1734375 0.0984375 0 0 0 0 0 0
0 0.1734375 0.68671875 0.1328125 0.1515625 0 0 0 0 0 0
0 0.7 0.15 0.1390625 0.178125 0 0 0 0 0 0
0 0.76640625 0.32734375 0.1609375 0.10625 0 0 0 0 0 0
0 0.4453125 0.82265625 0.13125 0.14375 0 0 0 0 0 0
0 0.1859375 0.80703125 0.125 0.1875 0 0 0 0 0 0
0 0.08515625 0.7453125 0.1640625 0.115625 0 0 0 0 0 0
0 0.08359375 0.63984375 0.1625 0.1 0 0 0 0 0 0
0 0.1609375 0.15859375 0.209375 0.134375 0 0 0 0 0 0
0 0.4765625 0.053125 0.14375 0.10625 0 0 0 0 0 0
0 0.30703125 0.040625 0.1640625 0.08125 0 0 0 0 0 0
0 0.91171875 0.3515625 0.08125 0.1484375 0 0 0 0 0 0
0 0.8109375 0.24296875 0.1625 0.1171875 0 0 0 0 0 0
0 0.80234375 0.128125 0.14375 0.1296875 0 0 0 0 0 0
0 0.86640625 0.17421875 0.1765625 0.1140625 0 0 0 0 0 0
0 0.93359375 0.13515625 0.1328125 0.134375 0 0 0 0 0 0
0 0.92734375 0.2578125 0.1453125 0.0890625 0 0 0 0 0 0
0 0.26796875 0.825 0.128125 0.14375 0 0 0 0 0 0
0 0.3140625 0.9140625 0.13125 0.171875 0 0 0 0 0 0
0 0.56796875 0.79375 0.1453125 0.14375 0 0 0 0 0 0
0 0.6828125 0.8203125 0.1046875 0.19375 0 0 0 0 0 0
0 0.66953125 0.91640625 0.11875 0.1671875 0 0 0 0 0 0
0 0.42421875 0.940625 0.1375 0.11875 0 0 0 0 0 0
0 0.77578125 0.91875 0.1453125 0.103125 0 0 0 0 0 0
0 0.89140625 0.87109375 0.1234375 0.1875 0 0 0 0 0 0
0 0.7875 0.825 0.125 0.125 0 0 0 0 0 0
0 0.85703125 0.75859375 0.1328125 0.0875 0 0 0 0 0 0
0 0.88046875 0.96953125 0.1765625 0.0609375 0 0 0 0 0 0
0 0.665625 0.05625 0.13125 0.1125 0 0 0 0 0 0
0 0.06328125 0.55546875 0.1265625 0.0875 0 0 0 0 0 0
0 0.9484375 0.68984375 0.103125 0.1234375 0 0 0 0 0 0
0 0.28828125 0.13671875 0.2359375 0.1265625 0 0 0 0 0 0
0 0.2578125 0.0765625 0.1546875 0.09375 0 0 0 0 0 0
0 0.13125 0.06640625 0.171875 0.0953125 0 0 0 0 0 0
0 0.61015625 0.68828125 0.19375 0.140625 0 0 0 0 0 0
0 0.49296875 0.68515625 0.153125 0.1328125 0 0 0 0 0 0
0 0.96171875 0.83671875 0.0765625 0.1078125 0 0 0 0 0 0
0 0.959375 0.94140625 0.08125 0.1015625 0 0 0 0 0 0
0 0.96484375 0.88203125 0.06875 0.04375 0 0 0 0 0 0
0 0.89765625 0.04140625 0.1625 0.0828125 0 0 0 0 0 0
0 0.79609375 0.04453125 0.1265625 0.0890625 0 0 0 0 0 0
0 0.03515625 0.06953125 0.0703125 0.05625 0 0 0 0 0 0
0 0.04765625 0.1578125 0.0953125 0.1125 0 0 0 0 0 0
0 0.02578125 0.44921875 0.0515625 0.0796875 0 0 0 0 0 0
0 0.4921875 0.96640625 0.125 0.0671875 0 0 0 0 0 0
0 0.02578125 0.3046875 0.0515625 0.1046875 0 0 0 0 0 0
0 0.94453125 0.36015625 0.1109375 0.0921875 0 0 0 0 0 0
0 0.046875 0.9265625 0.09375 0.0890625 0 0 0 0 0 0
0 0.02265625 0.96171875 0.0453125 0.0765625 0 0 0 0 0 0
0 0.03515625 0.88671875 0.0703125 0.075 0 0 0 0 0 0