0 0.76328125 0.11015625 0.190625 0.1765625 0 0 0 0 0 0
0 0.44140625 0.06953125 0.1609375 0.1375 0 0 0 0 0 0
0 0.33515625 0.01953125 0.0828125 0.0390625 0 0 0 0 0 0
0 0.2421875 0.1171875 0.1765625 0.190625 0 0 0 0 0 0
0 0.2640625 0.23828125 0.1828125 0.1796875 0 0 0 0 0 0
0 0.3953125 0.2515625 0.1703125 0.16875 0 0 0 0 0 0
0 0.59296875 0.215625 0.1796875 0.1609375 0 0 0 0 0 0
0 0.86953125 0.23046875 0.1671875 0.1171875 0 0 0 0 0 0
0 0.90625 0.29375 0.165625 0.0859375 0 0 0 0 0 0
0 0.9328125 0.35859375 0.134375 0.15 0 0 0 0 0 0
0 0.7375 0.41796875 0.16875 0.153125 0 0 0 0 0 0
0 0.8375 0.4625 0.190625 0.115625 0 0 0 0 0 0
0 0.6078125 0.40390625 0.196875 0.128125 0 0 0 0 0 0
0 0.48125 0.32265625 0.18125 0.1328125 0 0 0 0 0 0
0 0.25546875 0.38984375 0.175 0.146875 0 0 0 0 0 0
0 0.084375 0.3 0.15625 0.115625 0 0 0 0 0 0
0 0.06640625 0.1828125 0.1328125 0.1265625 0 0 0 0 0 0
0 0.021875 0.3421875 0.04375 0.1 0 0 0 0 0 0
0 0.03515625 0.43671875 0.0703125 0.103125 0 0 0 0 0 0
0 0.09765625 0.4671875 0.1859375 0.15 0 0 0 0 0 0
0 0.0578125 0.60546875 0.115625 0.1375 0 0 0 0 0 0
0 0.16953125 0.59140625 0.146875 0.153125 0 0 0 0 0 0
0 0.1015625 0.759375 0.1453125 0.1875 0 0 0 0 0 0
0 0.10390625 0.9765625 0.1375 0.046875 0 0 0 0 0 0
0 0.5421875 0.97734375 0.0953125 0.0453125 0 0 0 0 0 0
0 0.67109375 0.95625 0.171875 0.0875 0 0 0 0 0 0
0 0.5578125 0.896875 0.18125 0.1484375 0 0 0 0 0 0
0 0.83203125 0.96015625 0.1578125 0.078125 0 0 0 0 0 0
0 0.90703125 0.890625 0.1859375 0.140625 0 0 0 0 0 0
0 0.9375 0.77265625 0.125 0.1375 0 0 0 0 0 0
0 0.8640625 0.81328125 0.1890625 0.1265625 0 0 0 0 0 0
0 0.7515625 0.78515625 0.178125 0.175 0 0 0 0 0 0
0 0.56171875 0.79765625 0.171875 0.128125 0 0 0 0 0 0
0 0.58046875 0.68828125 0.175 0.178125 0 0 0 0 0 0
0 0.67109375 0.73046875 0.1390625 0.125 0 0 0 0 0 0
0 0.7609375 0.64296875 0.10625 0.159375 0 0 0 0 0 0
0 0.403125 0.66953125 0.196875 0.16875 0 0 0 0 0 0
0 0.47421875 0.69375 0.128125 0.159375 0 0 0 0 0 0
0 0.528125 0.6390625 0.18125 0.128125 0 0 0 0 0 0
0 0.32421875 0.678125 0.171875 0.190625 0 0 0 0 0 0
0 0.3875 0.540625 0.146875 0.128125 0 0 0 0 0 0
0 0.540625 0.5171875 0.209375 0.15 0 0 0 0 0 0
0 0.6640625 0.540625 0.1703125 0.146875 0 0 0 0 0 0
0 0.80859375 0.56875 0.165625 0.11875 0 0 0 0 0 0
0 0.93125 0.559375 0.1375 0.175 0 0 0 0 0 0
0 0.41015625 0.440625 0.1296875 0.134375 0 0 0 0 0 0
0 0.3078125 0.46796875 0.159375 0.19375 0 0 0 0 0 0
0 0.975 0.65859375 0.05 0.14375 0 0 0 0 0 0