0 0.79609375 0.4609375 0.2015625 0.1390625 0 0 0 0 0 0
0 0.63828125 0.57265625 0.16875 0.18125 0 0 0 0 0 0
0 0.5578125 0.67421875 0.18125 0.11875 0 0 0 0 0 0
0 0.24765625 0.89765625 0.1703125 0.1140625 0 0 0 0 0 0
0 0.26328125 0.59765625 0.228125 0.121875 0 0 0 0 0 0
0 0.50546875 0.55078125 0.14375 0.2 0 0 0 0 0 0
0 0.35234375 0.42265625 0.18125 0.1390625 0 0 0 0 0 0
0 0.54453125 0.3890625 0.1109375 0.190625 0 0 0 0 0 0
0 0.4484375 0.3765625 0.125 0.1625 0 0 0 0 0 0
0 0.41640625 0.26953125 0.2140625 0.11875 0 0 0 0 0 0
0 0.15625 0.2171875 0.1734375 0.1703125 0 0 0 0 0 0
0 0.09296875 0.084375 0.184375 0.1484375 0 0 0 0 0 0
0 0.9421875 0.84453125 0.115625 0.1421875 0 0 0 0 0 0