0 0.70234375 0.51015625 0.1875 0.1296875 0 0 0 0 0 0
0 0.5296875 0.53671875 0.184375 0.115625 0 0 0 0 0 0
0 0.57265625 0.33203125 0.19375 0.128125 0 0 0 0 0 0
0 0.84609375 0.2359375 0.1375 0.1859375 0 0 0 0 0 0
0 0.7328125 0.203125 0.0984375 0.159375 0 0 0 0 0 0
0 0.19765625 0.11875 0.2 0.1109375 0 0 0 0 0 0
0 0.2515625 0.2140625 0.1984375 0.096875 0 0 0 0 0 0
0 0.28359375 0.06328125 0.165625 0.121875 0 0 0 0 0 0
0 0.67578125 0.73203125 0.190625 0.11875 0 0 0 0 0 0
0 0.8859375 0.74296875 0.18125 0.1296875 0 0 0 0 0 0
0 0.32578125 0.65859375 0.171875 0.1 0 0 0 0 0 0
0 0.16015625 0.66015625 0.15 0.153125 0 0 0 0 0 0
0 0.3359375 0.56953125 0.1828125 0.1046875 0 0 0 0 0 0
0 0.27265625 0.309375 0.2 0.1171875 0 0 0 0 0 0
0 0.3921875 0.3328125 0.1578125 0.134375 0 0 0 0 0 0
0 0.07734375 0.39140625 0.1546875 0.090625 0 0 0 0 0 0
0 0.06328125 0.4984375 0.125 0.146875 0 0 0 0 0 0
0 0.16796875 0.54375 0.159375 0.11875 0 0 0 0 0 0
0 0.29296875 0.47578125 0.1734375 0.1078125 0 0 0 0 0 0
0 0.91171875 0.54765625 0.175 0.159375 0 0 0 0 0 0
0 0.95234375 0.27421875 0.0953125 0.159375 0 0 0 0 0 0
0 0.8484375 0.05546875 0.125 0.1109375 0 0 0 0 0 0
0 0.53828125 0.13359375 0.1609375 0.10625 0 0 0 0 0 0
0 0.62421875 0.24921875 0.175 0.0953125 0 0 0 0 0 0
0 0.4796875 0.7015625 0.16875 0.0875 0 0 0 0 0 0
0 0.37109375 0.7625 0.1703125 0.08125 0 0 0 0 0 0
0 0.21640625 0.83671875 0.1625 0.115625 0 0 0 0 0 0
0 0.10703125 0.91015625 0.15625 0.1625 0 0 0 0 0 0
0 0.44765625 0.8171875 0.1109375 0.165625 0 0 0 0 0 0
0 0.5609375 0.80703125 0.1296875 0.153125 0 0 0 0 0 0
0 0.64453125 0.8703125 0.1796875 0.0828125 0 0 0 0 0 0
0 0.7671875 0.81015625 0.1640625 0.090625 0 0 0 0 0 0
0 0.8765625 0.8703125 0.1859375 0.109375 0 0 0 0 0 0
0 0.8625 0.9515625 0.175 0.08125 0 0 0 0 0 0
0 0.33671875 0.8421875 0.1671875 0.096875 0 0 0 0 0 0
0 0.63125 0.059375 0.109375 0.11875 0 0 0 0 0 0
0 0.9328125 0.6796875 0.134375 0.0859375 0 0 0 0 0 0
0 0.553125 0.9390625 0.171875 0.078125 0 0 0 0 0 0
0 0.3421875 0.92109375 0.16875 0.1140625 0 0 0 0 0 0
0 0.43359375 0.93203125 0.1359375 0.096875 0 0 0 0 0 0
0 0.6671875 0.94609375 0.1625 0.10625 0 0 0 0 0 0
0 0.75078125 0.95859375 0.0984375 0.0828125 0 0 0 0 0 0
0 0.6234375 0.16640625 0.140625 0.1234375 0 0 0 0 0 0
0 0.07890625 0.053125 0.134375 0.10625 0 0 0 0 0 0
0 0.7125 0.028125 0.115625 0.05625 0 0 0 0 0 0
0 0.9359375 0.08515625 0.128125 0.1078125 0 0 0 0 0 0
0 0.9625 0.390625 0.075 0.0828125 0 0 0 0 0 0
0 0.39375 0.39296875 0.1515625 0.09375 0 0 0 0 0 0
0 0.40078125 0.0328125 0.171875 0.065625 0 0 0 0 0 0
0 0.95859375 0.60390625 0.0828125 0.09375 0 0 0 0 0 0
0 0.40703125 0.4625 0.184375 0.078125 0 0 0 0 0 0