0 0.8640625 0.7796875 0.1703125 0.140625 0 0 0 0 0 0
0 0.6921875 0.66953125 0.134375 0.1921875 0 0 0 0 0 0
0 0.7796875 0.10078125 0.13125 0.196875 0 0 0 0 0 0
0 0.82734375 0.05703125 0.1546875 0.1140625 0 0 0 0 0 0
0 0.6109375 0.0484375 0.15 0.096875 0 0 0 0 0 0
0 0.5359375 0.17890625 0.140625 0.15 0 0 0 0 0 0
0 0.3625 0.13125 0.115625 0.171875 0 0 0 0 0 0
0 0.07578125 0.0640625 0.1515625 0.11875 0 0 0 0 0 0
0 0.15859375 0.54765625 0.15 0.196875 0 0 0 0 0 0
0 0.08828125 0.909375 0.1625 0.1421875 0 0 0 0 0 0
0 0.30390625 0.57734375 0.121875 0.1984375 0 0 0 0 0 0