0 0.16640625 0.68203125 0.1640625 0.18125 0 0 0 0 0 0
0 0.2703125 0.58984375 0.13125 0.175 0 0 0 0 0 0
0 0.33828125 0.66484375 0.1203125 0.2 0 0 0 0 0 0
0 0.365625 0.81875 0.1375 0.178125 0 0 0 0 0 0
0 0.43671875 0.74453125 0.1265625 0.153125 0 0 0 0 0 0
0 0.39296875 0.59765625 0.18125 0.15625 0 0 0 0 0 0
0 0.48828125 0.64609375 0.153125 0.184375 0 0 0 0 0 0
0 0.57265625 0.575 0.13125 0.203125 0 0 0 0 0 0
0 0.56953125 0.465625 0.196875 0.15625 0 0 0 0 0 0
0 0.6703125 0.559375 0.08125 0.2203125 0 0 0 0 0 0
0 0.73828125 0.54453125 0.11875 0.1875 0 0 0 0 0 0
0 0.7640625 0.36953125 0.1296875 0.1953125 0 0 0 0 0 0
0 0.8703125 0.471875 0.1421875 0.1953125 0 0 0 0 0 0
0 0.9546875 0.5359375 0.090625 0.1359375 0 0 0 0 0 0
0 0.9703125 0.97265625 0.059375 0.0546875 0 0 0 0 0 0
0 0.8609375 0.94140625 0.1625 0.1171875 0 0 0 0 0 0
0 0.72109375 0.05546875 0.0890625 0.1109375 0 0 0 0 0 0
0 0.46875 0.1859375 0.234375 0.134375 0 0 0 0 0 0
0 0.37734375 0.078125 0.153125 0.15625 0 0 0 0 0 0
0 0.6015625 0.259375 0.1234375 0.125 0 0 0 0 0 0
0 0.64453125 0.35078125 0.1375 0.1171875 0 0 0 0 0 0
0 0.56953125 0.31875 0.2125 0.09375 0 0 0 0 0 0
0 0.41484375 0.3296875 0.171875 0.2125 0 0 0 0 0 0
0 0.4296875 0.378125 0.1890625 0.1125 0 0 0 0 0 0
0 0.3546875 0.41953125 0.184375 0.15 0 0 0 0 0 0
0 0.28203125 0.3390625 0.1734375 0.1 0 0 0 0 0 0
0 0.275 0.23515625 0.196875 0.1046875 0 0 0 0 0 0
0 0.23125 0.15859375 0.171875 0.1515625 0 0 0 0 0 0
0 0.14296875 0.06640625 0.209375 0.13125 0 0 0 0 0 0
0 0.13984375 0.125 0.1390625 0.1328125 0 0 0 0 0 0
0 0.0625 0.13515625 0.125 0.128125 0 0 0 0 0 0
0 0.04453125 0.2921875 0.0890625 0.109375 0 0 0 0 0 0
0 0.14609375 0.29375 0.178125 0.13125 0 0 0 0 0 0
0 0.17734375 0.35703125 0.1125 0.140625 0 0 0 0 0 0
0 0.2640625 0.45078125 0.175 0.140625 0 0 0 0 0 0
0 0.16875 0.44296875 0.1625 0.134375 0 0 0 0 0 0
0 0.06953125 0.41484375 0.134375 0.1390625 0 0 0 0 0 0
0 0.04296875 0.5265625 0.084375 0.1953125 0 0 0 0 0 0
0 0.03984375 0.659375 0.078125 0.0859375 0 0 0 0 0 0
0 0.1453125 0.80859375 0.1203125 0.1796875 0 0 0 0 0 0
0 0.0640625 0.8359375 0.128125 0.1609375 0 0 0 0 0 0
0 0.0203125 0.83515625 0.040625 0.1515625 0 0 0 0 0 0
0 0.15546875 0.94609375 0.1171875 0.10625 0 0 0 0 0 0
0 0.32890625 0.90078125 0.1625 0.1875 0 0 0 0 0 0
0 0.303125 0.93515625 0.13125 0.121875 0 0 0 0 0 0
0 0.23671875 0.9359375 0.1171875 0.128125 0 0 0 0 0 0
0 0.44609375 0.0125 0.0734375 0.025 0 0 0 0 0 0