0 0.35 0.83671875 0.134375 0.19375 0 0 0 0 0 0
0 0.1921875 0.80234375 0.11875 0.184375 0 0 0 0 0 0
0 0.2765625 0.6515625 0.1390625 0.134375 0 0 0 0 0 0
0 0.55 0.75625 0.190625 0.1 0 0 0 0 0 0
0 0.521875 0.64453125 0.19375 0.103125 0 0 0 0 0 0
0 0.3796875 0.56875 0.11875 0.1140625 0 0 0 0 0 0
0 0.1703125 0.61796875 0.134375 0.15 0 0 0 0 0 0
0 0.06328125 0.8640625 0.1 0.190625 0 0 0 0 0 0
0 0.671875 0.9328125 0.1890625 0.11875 0 0 0 0 0 0
0 0.7 0.8125 0.1625 0.1359375 0 0 0 0 0 0
0 0.86484375 0.765625 0.15 0.075 0 0 0 0 0 0
0 0.84609375 0.6921875 0.1671875 0.1 0 0 0 0 0 0
0 0.7140625 0.6546875 0.15625 0.1390625 0 0 0 0 0 0
0 0.55234375 0.4796875 0.11875 0.1890625 0 0 0 0 0 0
0 0.46328125 0.43046875 0.10625 0.15 0 0 0 0 0 0
0 0.2796875 0.56484375 0.125 0.175 0 0 0 0 0 0
0 0.0828125 0.54921875 0.13125 0.153125 0 0 0 0 0 0
0 0.3046875 0.40625 0.1375 0.15625 0 0 0 0 0 0
0 0.04921875 0.40546875 0.0984375 0.1234375 0 0 0 0 0 0
0 0.06875 0.7078125 0.1375 0.11875 0 0 0 0 0 0
0 0.04296875 0.62421875 0.0859375 0.0859375 0 0 0 0 0 0
0 0.0375 0.809375 0.06875 0.165625 0 0 0 0 0 0
0 0.0484375 0.9609375 0.096875 0.078125 0 0 0 0 0 0
0 0.81796875 0.9453125 0.1703125 0.109375 0 0 0 0 0 0
0 0.78359375 0.4171875 0.171875 0.090625 0 0 0 0 0 0
0 0.46953125 0.2953125 0.159375 0.075 0 0 0 0 0 0
0 0.35859375 0.2421875 0.1828125 0.1859375 0 0 0 0 0 0
0 0.21484375 0.23203125 0.10625 0.165625 0 0 0 0 0 0
0 0.134375 0.22265625 0.1296875 0.15625 0 0 0 0 0 0
0 0.48984375 0.178125 0.184375 0.1046875 0 0 0 0 0 0
0 0.63046875 0.38125 0.11875 0.146875 0 0 0 0 0 0
0 0.83515625 0.29453125 0.103125 0.15 0 0 0 0 0 0
0 0.7453125 0.33046875 0.1375 0.0921875 0 0 0 0 0 0
0 0.59765625 0.27890625 0.146875 0.15 0 0 0 0 0 0
0 0.70546875 0.24765625 0.1609375 0.1 0 0 0 0 0 0
0 0.646875 0.16484375 0.1859375 0.1125 0 0 0 0 0 0
0 0.5453125 0.084375 0.1828125 0.14375 0 0 0 0 0 0
0 0.72421875 0.121875 0.134375 0.14375 0 0 0 0 0 0
0 0.8984375 0.1296875 0.159375 0.146875 0 0 0 0 0 0
0 0.82890625 0.07109375 0.121875 0.1421875 0 0 0 0 0 0
0 0.96328125 0.2015625 0.0734375 0.153125 0 0 0 0 0 0
0 0.97578125 0.0984375 0.0484375 0.153125 0 0 0 0 0 0
0 0.92890625 0.0296875 0.0984375 0.059375 0 0 0 0 0 0
0 0.81953125 0.0203125 0.1984375 0.040625 0 0 0 0 0 0
0 0.1890625 0.51875 0.153125 0.090625 0 0 0 0 0 0
0 0.1765625 0.48203125 0.15625 0.1625 0 0 0 0 0 0
0 0.01875 0.53515625 0.0375 0.08125 0 0 0 0 0 0
0 0.77890625 0.51015625 0.15625 0.115625 0 0 0 0 0 0
0 0.91484375 0.471875 0.16875 0.08125 0 0 0 0 0 0
0 0.96015625 0.50078125 0.0796875 0.0515625 0 0 0 0 0 0
0 0.89609375 0.61640625 0.171875 0.075 0 0 0 0 0 0
0 0.94375 0.64609375 0.1125 0.059375 0 0 0 0 0 0
0 0.9640625 0.75078125 0.071875 0.1296875 0 0 0 0 0 0
0 0.8875 0.95234375 0.103125 0.09375 0 0 0 0 0 0
0 0.9484375 0.88671875 0.103125 0.0703125 0 0 0 0 0 0