0 0.36015625 0.2703125 0.15 0.1765625 0.4246846875 0.2952196875 2 0.304046875 0.20106312499999998 2
0 0.4 0.390625 0.178125 0.15390625 0.45116625 0.43155031250000003 2 0.31875875 0.3236628125 2
0 0.34453125 0.496875 0.19296875 0.1484375 0.4178190625 0.4678396875 2 0.25794937500000004 0.5149178125 2
0 0.071875 0.49453125 0.14296875 0.16015625 0.0737678125 0.526435625 0 0.1373115625 0.47568593750000004 2
0 0.1109375 0.2984375 0.15625 0.1421875 0.182428125 0.28345 2 0.0411934375 0.271680625 2
0 0.19765625 0.22265625 0.17734375 0.14296875 0.2746228125 0.21871749999999998 2 0.1167146875 0.2196984375 2
0 0.5453125 0.2203125 0.1703125 0.10703125 0.48059 0.1912553125 2 0.6257478125 0.24617968750000002 2
0 0.4375 0.12265625 0.121875 0.17421875 0.45410843749999996 0.050020625 2 0.40997281250000006 0.20400562500000002 2
0 0.53359375 0.12421875 0.1234375 0.128125 0.48255156250000003 0.17163937499999998 2 0.5904390625 0.079444375 2
0 0.78984375 0.22265625 0.2109375 0.1390625 0.8601581250000001 0.250103125 2 0.703230625 0.1775240625 2
0 0.87265625 0.18046875 0.165625 0.184375 0.917044375 0.2030246875 2 0.7983678125 0.096118125 2
0 0.7546875 0.04375 0.19921875 0.0875 0.7517059374999999 0.0609125 0 0.6649796875 0.056886250000000006 2
0 0.46484375 0.5359375 0.14140625 0.1484375 0.42370374999999993 0.5894584375 2 0.5286490625 0.47078218749999995 2
0 0.540625 0.559375 0.10078125 0.1828125 0.527668125 0.48941718749999996 2 0.549245625 0.6443828125 2
0 0.575 0.50703125 0.09296875 0.1421875 0.594828125 0.5703184375 2 0.5453375 0.440700625 2
0 0.62265625 0.60703125 0.1625 0.115625 0.6796915625 0.6041703125 2 0.5512071875 0.5796503125 2
0 0.778125 0.590625 0.190625 0.10625 0.6914612499999999 0.548265 2 0.8483884375 0.6228053124999999 2
0 0.67109375 0.50234375 0.1640625 0.14296875 0.724808125 0.53747625 2 0.6002471875000001 0.4364540625 2
0 0.91328125 0.478125 0.1734375 0.10703125 0.9107815625000001 0.49928531249999997 0 0.8326959374999999 0.458031875 2
0 0.8578125 0.39453125 0.1921875 0.11796875 0.9239096874999999 0.4178190625 2 0.767963125 0.368779375 2
0 0.7984375 0.31640625 0.184375 0.128125 0.8709468749999999 0.3099315625 2 0.719904375 0.3138546875 2
0 0.21015625 0.64140625 0.17734375 0.13125 0.144176875 0.62378625 2 0.287373125 0.6188821875 2
0 0.0625 0.65625 0.125 0.1125 0.11083000000000001 0.649286875 2 0.064673125 0.6602390625 0
0 0.15078125 0.73984375 0.13515625 0.178125 0.165754375 0.66988375 2 0.1157340625 0.8199453125 2
0 0.196875 0.86953125 0.1546875 0.14453125 0.2432375 0.906255625 2 0.139273125 0.8052334374999999 2
0 0.0875 0.9265625 0.128125 0.146875 0.07552125 0.8699659375 2 0.08583437499999999 0.92308875 0
0 0.61875 0.92421875 0.1625 0.1515625 0.66399875 0.8905628125 2 0.616920625 0.9205006250000001 0
0 0.5640625 0.87265625 0.184375 0.12421875 0.5021675 0.8984090625000001 2 0.6463446875 0.8199453125 2
0 0.703125 0.8 0.17265625 0.1203125 0.77777125 0.7934640625 2 0.62378625 0.806214375 2
0 0.87734375 0.93046875 0.14921875 0.1390625 0.83446125 0.895466875 2 0.8754584375000001 0.9267121875000001 0
0 0.80234375 0.9609375 0.1765625 0.078125 0.8766353125 0.954314375 1 0.7216696875 0.9847190625 2
0 0.95390625 0.94296875 0.0921875 0.11328125 0.962945625 0.9111593750000001 2 0.952616875 0.9401709374999999 0
0 0.8765625 0.8390625 0.1609375 0.15625 0.8315187500000001 0.7905215625 2 0.935483125 0.9013515625 2
0 0.78515625 0.71171875 0.15703125 0.11953125 0.8540771875000001 0.7110771875 2 0.7167656250000001 0.6620371875 2
0 0.66640625 0.66953125 0.1796875 0.13515625 0.738343125 0.6326134375 2 0.584358125 0.70225 2
0 0.05234375 0.75390625 0.10390625 0.121875 0.0647325 0.73461625 2 0.0535575 0.7576103125 0
0 0.0546875 0.825 0.10859375 0.11796875 0.07552125 0.781694375 2 0.05608375 0.82811875 0
0 0.39765625 0.91953125 0.15390625 0.10859375 0.458031875 0.9042937500000001 2 0.330625 0.92125 2
0 0.3328125 0.8953125 0.19296875 0.1265625 0.41487656250000005 0.8631003125 2 0.24617968750000002 0.9376409375 2
0 0.2875 0.7828125 0.071875 0.20859375 0.2749684375 0.7215315625 2 0.30758406250000003 0.8769996875 2
0 0.46875 0.8171875 0.1453125 0.18828125 0.4393965625 0.857215625 2 0.5325721875 0.7336353124999999 2
0 0.14453125 0.1109375 0.153125 0.171875 0.1088684375 0.14613875 2 0.21185187499999997 0.0333471875 2
0 0.05546875 0.16640625 0.1109375 0.12578125 0.0980796875 0.133388125 2 0.0570940625 0.1702225 0
0 0.346875 0.06640625 0.134375 0.13203125 0.344675625 0.09239531250000001 0 0.2893346875 0.0980796875 2
0 0.465625 0.03359375 0.140625 0.06640625 0.4632625 0.04654 0 0.40801125000000005 0.042174375 2
0 0.353125 0.7921875 0.11796875 0.146875 0.31875875 0.7444240625 2 0.3923184375 0.857215625 2
0 0.38828125 0.73828125 0.08046875 0.15390625 0.4040878125 0.7983678125 2 0.376625625 0.66988375 2
0 0.4375 0.68203125 0.0859375 0.18515625 0.4158575 0.7110771875 2 0.465878125 0.6159399999999999 2
0 0.52421875 0.6953125 0.1578125 0.09609375 0.4599934375 0.66399875 2 0.5855353125 0.727750625 2
0 0.5890625 0.76484375 0.16953125 0.11171875 0.519821875 0.727750625 1 0.66694125 0.7434434375000001 2
0 0.06171875 0.07265625 0.1234375 0.1375 0.0882715625 0.017654375 2 0.0636625 0.07639312499999999 0
0 0.1890625 0.9625 0.08828125 0.075 0.2020440625 0.946468125 2 0.18795625 0.9603590625 0
0 0.94609375 0.83046875 0.1078125 0.11171875 0.9709881250000001 0.85035 0 0.9052746875000001 0.7905215625 2
0 0.95 0.7609375 0.1 0.1796875 0.986680625 0.83956125 2 0.9415640625 0.7002884375 2
0 0.88828125 0.728125 0.09140625 0.1296875 0.889581875 0.7620784375 2 0.88860125 0.6708643750000001 2
0 0.47265625 0.9703125 0.1640625 0.059375 0.40233749999999996 0.9783509374999999 2 0.47024718749999994 0.97406375 0
0 0.25390625 0.7859375 0.0828125 0.13203125 0.289464375 0.8411225 2 0.221515 0.7305915625 2