0 0.35 0.71171875 0.1890625 0.171875 0.57169125 0.2628675 2 0.732536875 0.3354778125 2
0 0.13046875 0.73984375 0.1828125 0.1359375 0.9476103124999999 0.21875 2 0.78768375 0.2913603125 2
0 0.11015625 0.86796875 0.1984375 0.121875 0.9724265624999999 0.151654375 2 0.7996325 0.1305146875 2
0 0.91875 0.7296875 0.1625 0.125 0.0833334375 0.294946875 0 0.14430156249999998 0.267463125 2
0 0.9375 0.55078125 0.125 0.06875 0.0643940625 0.46326625000000005 0 0.1176471875 0.46599250000000003 2
0 0.9125 0.4734375 0.15 0.071875 0.014705937499999999 0.517463125 2 0.15625 0.529411875 2
0 0.9390625 0.34765625 0.11875 0.1875 0.0625 0.5772059375 2 0.0726103125 0.7426471875 2
0 0.64375 0.31875 0.1875 0.140625 0.2738971875 0.71231625 2 0.44393374999999996 0.6378675 2
0 0.71015625 0.10546875 0.1453125 0.15 0.31893375 0.9586396875000001 2 0.22977937499999998 0.8290440625000001 2
0 0.9359375 0.034375 0.11875 0.06875 0.10477937500000001 0.9806984375000001 2 0.062555625 0.9641034375 0
0 0.6046875 0.08125 0.115625 0.1625 0.40625 0.9990809374999999 2 0.3759190625 0.8474265624999999 2
0 0.05703125 0.03671875 0.1140625 0.0734375 0.9412878125 0.9493315625 0 0.895220625 0.9788603124999999 2
0 0.478125 0.1234375 0.1734375 0.125 0.582720625 0.91268375 2 0.44669125000000004 0.828125 2
0 0.35859375 0.13671875 0.1796875 0.15625 0.6222425 0.8005515624999999 2 0.716911875 0.9319853124999999 2
0 0.29765625 0.19140625 0.18125 0.16875 0.6636028125 0.767463125 2 0.7490809375 0.886029375 2
0 0.43203125 0.284375 0.125 0.1703125 0.5661207481060606 0.6818978845749158 2 0.5661207481060606 0.7108098784722221 2
0 0.53671875 0.48046875 0.165625 0.146875 0.38726812499999996 0.5140575000000001 2 0.5390703125 0.5614956249999999 2
0 0.471875 0.5765625 0.1859375 0.115625 0.60462125 0.42866875000000004 2 0.44333156249999994 0.41659375 2
0 0.34453125 0.53203125 0.196875 0.10625 0.5666709375 0.48386968750000003 2 0.7443484375 0.47696937500000003 2
0 0.25703125 0.4375 0.1671875 0.1109375 0.6675846875 0.59772125 2 0.817661875 0.5390703125 2
0 0.06328125 0.41796875 0.1265625 0.15 0.9004631249999999 0.551145625 2 0.93410125 0.5761584375 0
0 0.05234375 0.52578125 0.1046875 0.11875 0.9582515624999999 0.42694375000000007 2 0.9470390625 0.46920687499999997 0
0 0.040625 0.6546875 0.08125 0.10625 0.9584987500000001 0.32384875 0 0.93151375 0.3536303125 2
0 0.459375 0.975 0.146875 0.05 0.4841503125 0.0108221875 2 0.5383303125000001 0.026454375000000002 0