0 0.2109375 0.38359375 0.1328125 0.20625 0.21902375 0.4533471875 2 0.22305000000000003 0.285053125 2
0 0.0796875 0.2609375 0.159375 0.12265625 0.13125343750000001 0.255259375 2 0.08213406250000001 0.2642959375 0
0 0.1578125 0.1625 0.140625 0.18359375 0.171515 0.2367390625 2 0.14172125 0.0781078125 2
0 0.06953125 0.06171875 0.13125 0.1234375 0.096628125 0.08132875 2 0.0716415625 0.0650228125 0
0 0.3828125 0.13515625 0.1359375 0.21328125 0.3953703125 0.21338718750000002 2 0.37282375 0.03865125 2
0 0.52109375 0.134375 0.190625 0.18203125 0.5781587499999999 0.194866875 2 0.4702571875 0.050729687499999995 2
0 0.44453125 0.28359375 0.16328125 0.12890625 0.384096875 0.24640187500000002 2 0.5177659375 0.3414196875 2
0 0.928125 0.36640625 0.14375 0.125 0.876900625 0.3526928125 2 0.9258 0.3633175 0
0 0.7890625 0.4046875 0.1671875 0.12734375 0.737595 0.358329375 2 0.863211875 0.4622046875 2
0 0.73671875 0.496875 0.19140625 0.1515625 0.790740625 0.525013125 2 0.6490193750000001 0.43965812499999996 2
0 0.6328125 0.5359375 0.18359375 0.10625 0.5580278125 0.5346759375000001 2 0.7166590625 0.5395075 2
0 0.778125 0.6609375 0.19765625 0.13046875 0.70699625 0.6594875 2 0.874485 0.6457984375 2
0 0.91171875 0.696875 0.1765625 0.14375 0.868043125 0.6844496875 2 0.9096221874999999 0.7009346875 0
0 0.853125 0.8109375 0.11015625 0.2046875 0.8535490625 0.7488684375 2 0.8809268749999999 0.9058893749999999 2
0 0.93203125 0.875 0.13515625 0.190625 0.8970315624999999 0.9203834375 2 0.9324618750000001 0.8793165625 0
0 0.7390625 0.92890625 0.16328125 0.1421875 0.6941125 0.9026681249999999 2 0.7363262500000001 0.9248312500000001 0
0 0.33828125 0.94765625 0.1734375 0.1046875 0.27378 0.94695625 2 0.41791687499999997 0.9872178125 2
0 0.225 0.7921875 0.15234375 0.17578125 0.2472071875 0.74162125 2 0.1626575 0.8752903125 2
0 0.09375 0.77265625 0.18671875 0.14765625 0.049924687499999995 0.8004034375 2 0.181983125 0.7231009375 2