0 0.64296875 0.31953125 0.175 0.1296875 0 0 0 0 0 0
0 0.82265625 0.234375 0.178125 0.128125 0 0 0 0 0 0
0 0.846875 0.3796875 0.1625 0.1796875 0 0 0 0 0 0
0 0.78359375 0.49609375 0.18125 0.109375 0 0 0 0 0 0
0 0.5375 0.57109375 0.1890625 0.1421875 0 0 0 0 0 0
0 0.7671875 0.578125 0.140625 0.1375 0 0 0 0 0 0
0 0.50625 0.15234375 0.1515625 0.1828125 0 0 0 0 0 0
0 0.228125 0.24375 0.1796875 0.1359375 0 0 0 0 0 0
0 0.771875 0.06796875 0.16875 0.1140625 0 0 0 0 0 0
0 0.40390625 0.07421875 0.1578125 0.1171875 0 0 0 0 0 0
0 0.10078125 0.11328125 0.19375 0.1375 0 0 0 0 0 0
0 0.29375 0.16328125 0.15 0.165625 0 0 0 0 0 0
0 0.35703125 0.1390625 0.171875 0.146875 0 0 0 0 0 0
0 0.63203125 0.03515625 0.15 0.06875 0 0 0 0 0 0
0 0.87578125 0.02265625 0.125 0.0453125 0 0 0 0 0 0
0 0.07578125 0.50625 0.1515625 0.1828125 0 0 0 0 0 0
0 0.18203125 0.465625 0.153125 0.1609375 0 0 0 0 0 0
0 0.278125 0.45546875 0.1546875 0.153125 0 0 0 0 0 0
0 0.39921875 0.45625 0.1578125 0.1359375 0 0 0 0 0 0
0 0.475 0.46875 0.196875 0.11875 0 0 0 0 0 0
0 0.325 0.55859375 0.1640625 0.09375 0 0 0 0 0 0
0 0.87578125 0.675 0.2015625 0.1171875 0 0 0 0 0 0
0 0.925 0.76015625 0.15 0.1296875 0 0 0 0 0 0
0 0.7734375 0.73046875 0.16875 0.15 0 0 0 0 0 0
0 0.83046875 0.85390625 0.1703125 0.1296875 0 0 0 0 0 0
0 0.66796875 0.7921875 0.18125 0.1109375 0 0 0 0 0 0
0 0.95234375 0.90625 0.0953125 0.115625 0 0 0 0 0 0
0 0.2140625 0.93984375 0.165625 0.115625 0 0 0 0 0 0
0 0.50546875 0.8828125 0.1703125 0.125 0 0 0 0 0 0
0 0.45859375 0.77109375 0.109375 0.19375 0 0 0 0 0 0
0 0.45390625 0.62109375 0.15625 0.090625 0 0 0 0 0 0
0 0.3828125 0.653125 0.1375 0.115625 0 0 0 0 0 0
0 0.35546875 0.7453125 0.14375 0.1421875 0 0 0 0 0 0
0 0.5109375 0.70625 0.1703125 0.11875 0 0 0 0 0 0
0 0.634375 0.69921875 0.1703125 0.1125 0 0 0 0 0 0
0 0.63359375 0.88671875 0.1421875 0.115625 0 0 0 0 0 0
0 0.60859375 0.94296875 0.14375 0.1125 0 0 0 0 0 0
0 0.68203125 0.96875 0.0734375 0.0625 0 0 0 0 0 0
0 0.72109375 0.9046875 0.1609375 0.14375 0 0 0 0 0 0
0 0.8296875 0.9484375 0.1546875 0.103125 0 0 0 0 0 0
0 0.053125 0.90703125 0.10625 0.10625 0 0 0 0 0 0
0 0.059375 0.78046875 0.11875 0.1421875 0 0 0 0 0 0
0 0.19765625 0.8453125 0.109375 0.1359375 0 0 0 0 0 0
0 0.2140625 0.76328125 0.1765625 0.1875 0 0 0 0 0 0
0 0.36328125 0.83671875 0.2015625 0.125 0 0 0 0 0 0
0 0.046875 0.61484375 0.09375 0.1125 0 0 0 0 0 0
0 0.09375 0.35859375 0.1875 0.11875 0 0 0 0 0 0
0 0.04921875 0.2546875 0.0984375 0.065625 0 0 0 0 0 0
0 0.38125 0.02421875 0.221875 0.0484375 0 0 0 0 0 0
0 0.22734375 0.61640625 0.175 0.09375 0 0 0 0 0 0
0 0.2265625 0.65 0.1671875 0.0859375 0 0 0 0 0 0
0 0.94453125 0.5609375 0.1109375 0.125 0 0 0 0 0 0
0 0.9625 0.115625 0.075 0.090625 0 0 0 0 0 0
0 0.97421875 0.2078125 0.05 0.1359375 0 0 0 0 0 0
0 0.35 0.93046875 0.10625 0.1375 0 0 0 0 0 0
0 0.27734375 0.9125 0.1 0.1359375 0 0 0 0 0 0
0 0.37109375 0.96171875 0.1546875 0.071875 0 0 0 0 0 0
0 0.05078125 0.03203125 0.075 0.0625 0 0 0 0 0 0