0 0.54921875 0.71015625 0.15625 0.178125 0 0 0 0 0 0
0 0.31484375 0.5046875 0.19375 0.14375 0 0 0 0 0 0
0 0.19765625 0.60390625 0.1296875 0.1640625 0 0 0 0 0 0
0 0.4546875 0.74140625 0.153125 0.1625 0 0 0 0 0 0
0 0.30078125 0.18515625 0.1375 0.171875 0 0 0 0 0 0
0 0.12734375 0.29140625 0.1765625 0.1265625 0 0 0 0 0 0
0 0.05078125 0.41328125 0.1015625 0.1828125 0 0 0 0 0 0
0 0.8921875 0.06796875 0.146875 0.1359375 0 0 0 0 0 0
0 0.97109375 0.9515625 0.05625 0.096875 0 0 0 0 0 0
0 0.2390625 0.94765625 0.16875 0.1046875 0 0 0 0 0 0
0 0.11171875 0.759375 0.1265625 0.2125 0 0 0 0 0 0
0 0.7703125 0.03828125 0.09375 0.0765625 0 0 0 0 0 0
0 0.12734375 0.9546875 0.178125 0.090625 0 0 0 0 0 0
0 0.253125 0.04765625 0.153125 0.09375 0 0 0 0 0 0
0 0.09140625 0.815625 0.1015625 0.1765625 0 0 0 0 0 0
0 0.02890625 0.753125 0.0578125 0.1296875 0 0 0 0 0 0
0 0.02265625 0.8328125 0.0453125 0.103125 0 0 0 0 0 0
0 0.01875 0.01640625 0.0375 0.03125 0 0 0 0 0 0