0 0.18515625 0.7390625 0.18359375 0.12734375 0.241964375 0.7678571875 2 0.10267843750000001 0.685714375 2
0 0.3390625 0.78671875 0.21796875 0.13984375 0.2598215625 0.7705356250000001 2 0.4276784375 0.826785625 2
0 0.52890625 0.93828125 0.1640625 0.1234375 0.598214375 0.95 2 0.45267843750000003 0.9330356249999999 2
0 0.69140625 0.89296875 0.14453125 0.1890625 0.725 0.826785625 2 0.65625 0.98125 2
0 0.8078125 0.90546875 0.15625 0.1890625 0.8290440625000001 0.848345625 2 0.7775734375 1 0
0 0.6453125 0.58046875 0.1421875 0.18984375 0.6303571875 0.64375 2 0.6526784375 0.4901784375 2
0 0.50234375 0.53046875 0.17109375 0.13984375 0.4401784375 0.5589284375 2 0.5803571875 0.47321437499999996 2
0 0.81015625 0.47734375 0.1203125 0.15546875 0.7776784375 0.4098215625 2 0.858035625 0.5455356250000001 2
0 0.68203125 0.3453125 0.2109375 0.125 0.5901784375 0.3633928125 2 0.7410715625 0.2991071875 2
0 0.97421875 0.3375 0.0515625 0.11640625 0.9733224999999999 0.3145396875 0 0.9604778125 0.28768375 2
0 0.6796875 0.03671875 0.13125 0.0734375 0.7348215625 0.0178571875 2 0.6196428125 0.025 2