0 0.48203125 0.23671875 0.128125 0.1609375 0.29642843750000003 0.5241071875000001 2 0.1616071875 0.470535625 2
0 0.34453125 0.52421875 0.1390625 0.165625 0.56875 0.6910715625 2 0.451785625 0.5964284375 2
0 0.1859375 0.13203125 0.146875 0.2 0.201785625 0.8366071875 2 0.057142812499999994 0.773214375 2
0 0.053125 0.17578125 0.10625 0.1765625 0.23839281250000002 0.976785625 2 0.09375 0.9178571874999999 2
0 0.065625 0.4734375 0.13125 0.1625 0.508035625 0.9982143750000001 2 0.39910718749999996 0.8758928125000001 2
0 0.17734375 0.56953125 0.234375 0.1234375 0.5571428125 0.7392856250000001 2 0.5821428125 0.9276784375 2
0 0.05859375 0.68671875 0.1171875 0.175 0.616964375 0.9535715625 2 0.76875 0.9196428125 2
0 0.040625 0.79921875 0.08125 0.1765625 0.72794125 0.9375 2 0.7973215625 0.9575893750000001 0
0 0.0203125 0.96171875 0.040625 0.0765625 0.9604437499999999 0.9719628124999999 0 0.93106625 0.984375 2
0 0.13046875 0.96484375 0.1609375 0.0703125 0.9636634374999999 0.8378515625 0 0.9586396875000001 0.795036875 2
0 0.18984375 0.7015625 0.121875 0.190625 0.783035625 0.7839284375 2 0.6116071875 0.8160715625 2
0 0.24140625 0.80546875 0.159375 0.125 0.8223215625 0.7973215625 2 0.7553571875 0.683035625 2
0 0.5703125 0.53671875 0.15625 0.1578125 0.5973215625 0.38125 2 0.48392843750000003 0.49910718750000005 2
0 0.5453125 0.6375 0.1 0.1875 0.7151784375 0.4258928125 2 0.55 0.4571428125 2
0 0.5171875 0.83515625 0.15 0.1765625 0.8901784375 0.5008928125 2 0.7589284375 0.4178571875 2
0 0.57109375 0.92421875 0.184375 0.11875 0.9464284375 0.48214281249999996 2 0.895535625 0.3410715625 2
0 0.68203125 0.78359375 0.11875 0.1453125 0.7375 0.26607156249999997 2 0.85 0.3651784375 2
0 0.6515625 0.68984375 0.14375 0.1640625 0.7410715625 0.4008928125 2 0.6196428125 0.283035625 2
0 0.7359375 0.52578125 0.16875 0.18125 0.58125 0.291964375 2 0.44196437499999996 0.1910715625 2
0 0.746875 0.20546875 0.1578125 0.1484375 0.15892843750000002 0.2098215625 2 0.26696437500000003 0.316964375 2
0 0.78984375 0.08828125 0.109375 0.15625 0.15625 0.1758928125 2 0.0151784375 0.23035718749999998 2
0 0.91953125 0.2546875 0.1609375 0.16875 0.1866071875 0.120535625 2 0.3151784375 0.0008928125 2
0 0.8171875 0.62265625 0.203125 0.1359375 0.6401784375 0.1008928125 2 0.5794643749999999 0.2723215625 2
0 0.85625 0.7375 0.14375 0.175 0.6723215625 0.1133928125 2 0.8125 0.1758928125 2
0 0.8390625 0.934375 0.096875 0.13125 0.9328465625 0.1428021875 0 0.8759190625000001 0.1773896875 2
0 0.928125 0.93359375 0.14375 0.0953125 0.932904375 0 2 0.9512868750000001 0.1277575 2
0 0.30234375 0.96796875 0.0875 0.0625 0.9673428124999999 0.680013125 0 0.94393375 0.7068015625 2
0 0.94609375 0.62890625 0.10625 0.1171875 0.5928309375 0.046875 2 0.627245625 0.0505953125 0
0 0.9359375 0.7453125 0.128125 0.15625 0.7440746875 0.0388528125 0 0.8115809374999999 0.109375 2
0 0.7015625 0.94296875 0.2 0.1140625 1 0.357536875 2 0.8988971875 0.2068015625 2
0 0.89140625 0.04453125 0.15 0.0890625 0.06617656250000001 0.095588125 2 0.04329 0.104761875 0