0 0.51171875 0.4015625 0.1734375 0.1796875 0 0 0 0 0 0
0 0.64453125 0.61875 0.153125 0.203125 0 0 0 0 0 0
0 0.5640625 0.75390625 0.15 0.1890625 0 0 0 0 0 0
0 0.853125 0.90078125 0.2125 0.1546875 0 0 0 0 0 0
0 0.940625 0.32734375 0.11875 0.1703125 0 0 0 0 0 0
0 0.52734375 0.60546875 0.14375 0.18125 0 0 0 0 0 0
0 0.425 0.71796875 0.140625 0.20625 0 0 0 0 0 0
0 0.41171875 0.61640625 0.153125 0.20625 0 0 0 0 0 0
0 0.346875 0.49609375 0.159375 0.159375 0 0 0 0 0 0
0 0.2453125 0.74921875 0.159375 0.2 0 0 0 0 0 0
0 0.2390625 0.9515625 0.096875 0.096875 0 0 0 0 0 0
0 0.25234375 0.390625 0.140625 0.16875 0 0 0 0 0 0
0 0.16875 0.10390625 0.13125 0.20625 0 0 0 0 0 0
0 0.09921875 0.3265625 0.1375 0.178125 0 0 0 0 0 0
0 0.1140625 0.4875 0.153125 0.18125 0 0 0 0 0 0
0 0.05625 0.06171875 0.1125 0.1234375 0 0 0 0 0 0
0 0.03203125 0.23515625 0.0640625 0.153125 0 0 0 0 0 0
0 0.02890625 0.35703125 0.05625 0.1375 0 0 0 0 0 0
0 0.0390625 0.58671875 0.0765625 0.15 0 0 0 0 0 0
0 0.06328125 0.70703125 0.1265625 0.13125 0 0 0 0 0 0
0 0.07265625 0.859375 0.1125 0.2 0 0 0 0 0 0
0 0.4703125 0.090625 0.13125 0.18125 0 0 0 0 0 0
0 0.61328125 0.1609375 0.140625 0.1875 0 0 0 0 0 0
0 0.76484375 0.14921875 0.14375 0.125 0 0 0 0 0 0
0 0.70859375 0.078125 0.1625 0.140625 0 0 0 0 0 0
0 0.1625 0.6734375 0.165625 0.1484375 0 0 0 0 0 0