0 0.28984375 0.54921875 0.178125 0.15625 0 0 0 0 0 0
0 0.4953125 0.31484375 0.14375 0.19375 0 0 0 0 0 0
0 0.39609375 0.19765625 0.1640625 0.1296875 0 0 0 0 0 0
0 0.25859375 0.4546875 0.1625 0.153125 0 0 0 0 0 0
0 0.81484375 0.30078125 0.171875 0.1375 0 0 0 0 0 0
0 0.70859375 0.12734375 0.1265625 0.1765625 0 0 0 0 0 0
0 0.58671875 0.05078125 0.1828125 0.1015625 0 0 0 0 0 0
0 0.93203125 0.8921875 0.1359375 0.146875 0 0 0 0 0 0
0 0.0484375 0.97109375 0.096875 0.05625 0 0 0 0 0 0
0 0.05234375 0.2390625 0.1046875 0.16875 0 0 0 0 0 0
0 0.240625 0.11171875 0.2125 0.1265625 0 0 0 0 0 0
0 0.96171875 0.7703125 0.0765625 0.09375 0 0 0 0 0 0
0 0.0453125 0.12734375 0.090625 0.178125 0 0 0 0 0 0
0 0.95234375 0.253125 0.09375 0.153125 0 0 0 0 0 0
0 0.184375 0.09140625 0.175 0.1015625 0 0 0 0 0 0
0 0.246875 0.02890625 0.1296875 0.0578125 0 0 0 0 0 0
0 0.1671875 0.02265625 0.103125 0.0453125 0 0 0 0 0 0
0 0.98359375 0.01875 0.03125 0.0375 0 0 0 0 0 0