0 0.94453125 0.31328125 0.1109375 0.2 0 0 0 0 0 0
0 0.62265625 0.05390625 0.15625 0.1078125 0 0 0 0 0 0
0 0.24375 0.23515625 0.234375 0.103125 0 0 0 0 0 0
0 0.246875 0.29375 0.1609375 0.071875 0 0 0 0 0 0
0 0.15859375 0.4890625 0.196875 0.1515625 0 0 0 0 0 0
0 0.27734375 0.590625 0.2 0.140625 0 0 0 0 0 0
0 0.084375 0.93671875 0.16875 0.125 0 0 0 0 0 0
0 0.72734375 0.9609375 0.190625 0.078125 0 0 0 0 0 0
0 0.92109375 0.92578125 0.1578125 0.140625 0 0 0 0 0 0
0 0.53828125 0.84453125 0.1609375 0.109375 0 0 0 0 0 0
0 0.84921875 0.79765625 0.18125 0.125 0 0 0 0 0 0
0 0.959375 0.7828125 0.08125 0.140625 0 0 0 0 0 0
0 0.4109375 0.4078125 0.18125 0.13125 0 0 0 0 0 0