0 0.55546875 0.684375 0.184375 0.121875 0 0 0 0 0 0
0 0.81328125 0.5828125 0.203125 0.1125 0 0 0 0 0 0
0 0.640625 0.496875 0.171875 0.140625 0 0 0 0 0 0
0 0.6265625 0.38515625 0.1890625 0.125 0 0 0 0 0 0
0 0.3609375 0.41796875 0.171875 0.115625 0 0 0 0 0 0
0 0.45078125 0.31171875 0.1875 0.115625 0 0 0 0 0 0
0 0.49140625 0.2140625 0.1609375 0.11875 0 0 0 0 0 0
0 0.86640625 0.190625 0.1890625 0.1453125 0 0 0 0 0 0
0 0.9375 0.1046875 0.125 0.1203125 0 0 0 0 0 0
0 0.57890625 0.06953125 0.1875 0.090625 0 0 0 0 0 0
0 0.66015625 0.0390625 0.15 0.078125 0 0 0 0 0 0
0 0.34765625 0.69453125 0.1875 0.165625 0 0 0 0 0 0
0 0.178125 0.659375 0.19375 0.15625 0 0 0 0 0 0
0 0.0515625 0.678125 0.103125 0.178125 0 0 0 0 0 0
0 0.5578125 0.934375 0.11875 0.13125 0 0 0 0 0 0
0 0.875 0.9484375 0.159375 0.103125 0 0 0 0 0 0
0 0.4171875 0.95390625 0.1390625 0.090625 0 0 0 0 0 0
0 0.16015625 0.96953125 0.0953125 0.0609375 0 0 0 0 0 0
0 0.23671875 0.91328125 0.203125 0.109375 0 0 0 0 0 0
0 0.33671875 0.8265625 0.178125 0.109375 0 0 0 0 0 0
0 0.24140625 0.753125 0.171875 0.146875 0 0 0 0 0 0
0 0.85 0.7703125 0.11875 0.203125 0 0 0 0 0 0
0 0.94609375 0.7921875 0.1078125 0.153125 0 0 0 0 0 0
0 0.92109375 0.57421875 0.115625 0.1375 0 0 0 0 0 0
0 0.975 0.55859375 0.05 0.0625 0 0 0 0 0 0
0 0.9796875 0.24921875 0.040625 0.046875 0 0 0 0 0 0
0 0.11953125 0.32890625 0.18125 0.1125 0 0 0 0 0 0
0 0.11640625 0.06875 0.1625 0.1203125 0 0 0 0 0 0
0 0.228125 0.04375 0.153125 0.0875 0 0 0 0 0 0
0 0.33125 0.06328125 0.175 0.125 0 0 0 0 0 0
0 0.196875 0.1828125 0.09375 0.1625 0 0 0 0 0 0
0 0.2078125 0.19765625 0.15625 0.10625 0 0 0 0 0 0
0 0.1453125 0.41953125 0.15625 0.10625 0 0 0 0 0 0
0 0.05390625 0.434375 0.1078125 0.0875 0 0 0 0 0 0
0 0.29765625 0.2875 0.09375 0.1515625 0 0 0 0 0 0
0 0.346875 0.19296875 0.0875 0.1578125 0 0 0 0 0 0