0 0.1109375 0.51484375 0.1234375 0.203125 0 0 0 0 0 0
0 0.04140625 0.35703125 0.0828125 0.08125 0 0 0 0 0 0
0 0.0265625 0.47890625 0.053125 0.06875 0 0 0 0 0 0
0 0.3828125 0.19609375 0.1859375 0.1375 0 0 0 0 0 0
0 0.559375 0.0796875 0.1328125 0.159375 0 0 0 0 0 0
0 0.75703125 0.146875 0.153125 0.23125 0 0 0 0 0 0
0 0.834375 0.05703125 0.10625 0.1140625 0 0 0 0 0 0
0 0.896875 0.4921875 0.15 0.2140625 0 0 0 0 0 0
0 0.93828125 0.63046875 0.1125 0.1625 0 0 0 0 0 0
0 0.7546875 0.61796875 0.2 0.115625 0 0 0 0 0 0
0 0.81328125 0.73828125 0.2 0.153125 0 0 0 0 0 0
0 0.8453125 0.928125 0.20625 0.14375 0 0 0 0 0 0
0 0.9609375 0.9328125 0.078125 0.128125 0 0 0 0 0 0
0 0.978125 0.7609375 0.04375 0.1625 0 0 0 0 0 0
0 0.45078125 0.315625 0.153125 0.140625 0 0 0 0 0 0
0 0.54140625 0.32265625 0.171875 0.1625 0 0 0 0 0 0
0 0.5359375 0.39765625 0.1703125 0.1234375 0 0 0 0 0 0
0 0.40625 0.51953125 0.13125 0.175 0 0 0 0 0 0
0 0.4734375 0.9796875 0.059375 0.040625 0 0 0 0 0 0