0 0.86875 0.73359375 0.175 0.1625 0 0 0 0 0 0
0 0.8546875 0.575 0.2 0.146875 0 0 0 0 0 0
0 0.46953125 0.8 0.18125 0.14375 0 0 0 0 0 0
0 0.2078125 0.88671875 0.1296875 0.225 0 0 0 0 0 0
0 0.46796875 0.6390625 0.2125 0.146875 0 0 0 0 0 0
0 0.54921875 0.56328125 0.15625 0.1125 0 0 0 0 0 0
0 0.32265625 0.66328125 0.19375 0.14375 0 0 0 0 0 0
0 0.2640625 0.74453125 0.1328125 0.1625 0 0 0 0 0 0
0 0.17734375 0.6875 0.096875 0.1515625 0 0 0 0 0 0
0 0.97734375 0.4890625 0.04375 0.134375 0 0 0 0 0 0
0 0.5140625 0.9671875 0.1109375 0.065625 0 0 0 0 0 0