0 0.87421875 0.30078125 0.159375 0.1875 0 0 0 0 0 0
0 0.6859375 0.325 0.234375 0.115625 0 0 0 0 0 0
0 0.79296875 0.50234375 0.13125 0.1578125 0 0 0 0 0 0
0 0.69921875 0.7 0.159375 0.175 0 0 0 0 0 0
0 0.7796875 0.640625 0.11875 0.20625 0 0 0 0 0 0
0 0.73359375 0.96015625 0.14375 0.0796875 0 0 0 0 0 0
0 0.46640625 0.57109375 0.146875 0.1765625 0 0 0 0 0 0
0 0.34609375 0.34765625 0.1125 0.153125 0 0 0 0 0 0
0 0.31171875 0.73046875 0.1375 0.178125 0 0 0 0 0 0
0 0.490625 0.925 0.121875 0.15 0 0 0 0 0 0
0 0.36484375 0.95859375 0.075 0.0828125 0 0 0 0 0 0
0 0.096875 0.93125 0.11875 0.1375 0 0 0 0 0 0
0 0.1046875 0.76953125 0.175 0.1078125 0 0 0 0 0 0
0 0.1390625 0.65625 0.15 0.196875 0 0 0 0 0 0
0 0.06796875 0.6984375 0.1359375 0.08125 0 0 0 0 0 0
0 0.046875 0.62109375 0.09375 0.1046875 0 0 0 0 0 0
0 0.0609375 0.52890625 0.121875 0.121875 0 0 0 0 0 0
0 0.05859375 0.16953125 0.1171875 0.134375 0 0 0 0 0 0
0 0.17578125 0.06015625 0.134375 0.11875 0 0 0 0 0 0
0 0.24765625 0.490625 0.09375 0.146875 0 0 0 0 0 0
0 0.85859375 0.02109375 0.1640625 0.0421875 0 0 0 0 0 0
0 0.96015625 0.9078125 0.0796875 0.1390625 0 0 0 0 0 0
0 0.9859375 0.81953125 0.028125 0.084375 0 0 0 0 0 0
0 0.03046875 0.76953125 0.059375 0.1015625 0 0 0 0 0 0
0 0.09296875 0.0125 0.046875 0.025 0 0 0 0 0 0