0 0.17578125 0.30703125 0.128125 0.19375 0 0 0 0 0 0
0 0.1890625 0.45078125 0.134375 0.15625 0 0 0 0 0 0
0 0.1921875 0.60859375 0.121875 0.16875 0 0 0 0 0 0
0 0.18671875 0.75 0.0875 0.175 0 0 0 0 0 0
0 0.23828125 0.940625 0.171875 0.11875 0 0 0 0 0 0
0 0.07890625 0.95390625 0.096875 0.0921875 0 0 0 0 0 0
0 0.021875 0.934375 0.04375 0.109375 0 0 0 0 0 0
0 0.03359375 0.63203125 0.0671875 0.0984375 0 0 0 0 0 0
0 0.05078125 0.1671875 0.1 0.128125 0 0 0 0 0 0
0 0.0234375 0.78046875 0.046875 0.0671875 0 0 0 0 0 0
0 0.071875 0.74140625 0.09375 0.209375 0 0 0 0 0 0
0 0.12578125 0.70625 0.075 0.1578125 0 0 0 0 0 0
0 0.3078125 0.55625 0.13125 0.15 0 0 0 0 0 0
0 0.38125 0.775 0.1109375 0.11875 0 0 0 0 0 0
0 0.3859375 0.66015625 0.140625 0.18125 0 0 0 0 0 0
0 0.5265625 0.5890625 0.146875 0.1875 0 0 0 0 0 0
0 0.496875 0.70234375 0.10625 0.19375 0 0 0 0 0 0
0 0.57890625 0.80625 0.128125 0.2125 0 0 0 0 0 0
0 0.6484375 0.70078125 0.1421875 0.175 0 0 0 0 0 0
0 0.8078125 0.87578125 0.1375 0.19375 0 0 0 0 0 0
0 0.9328125 0.96953125 0.06875 0.0609375 0 0 0 0 0 0
0 0.9375 0.67890625 0.125 0.146875 0 0 0 0 0 0
0 0.88828125 0.5359375 0.1625 0.1625 0 0 0 0 0 0
0 0.97578125 0.50546875 0.046875 0.153125 0 0 0 0 0 0
0 0.9484375 0.3859375 0.103125 0.15625 0 0 0 0 0 0
0 0.96328125 0.09453125 0.0734375 0.1890625 0 0 0 0 0 0
0 0.84140625 0.1734375 0.109375 0.171875 0 0 0 0 0 0
0 0.884375 0.08359375 0.13125 0.1671875 0 0 0 0 0 0
0 0.73984375 0.1734375 0.1453125 0.165625 0 0 0 0 0 0
0 0.678125 0.0359375 0.1421875 0.071875 0 0 0 0 0 0
0 0.52578125 0.10859375 0.1859375 0.1296875 0 0 0 0 0 0
0 0.4359375 0.06328125 0.1671875 0.1265625 0 0 0 0 0 0
0 0.8375 0.41171875 0.1578125 0.115625 0 0 0 0 0 0