0 0.50390625 0.58515625 0.196875 0.140625 0 0 0 0 0 0
0 0.33515625 0.4421875 0.16875 0.225 0 0 0 0 0 0
0 0.8828125 0.31015625 0.19375 0.1546875 0 0 0 0 0 0
0 0.8953125 0.0859375 0.19375 0.171875 0 0 0 0 0 0
0 0.7890625 0.15703125 0.165625 0.134375 0 0 0 0 0 0
0 0.3828125 0.0578125 0.1171875 0.115625 0 0 0 0 0 0
0 0.0375 0.13671875 0.075 0.1390625 0 0 0 0 0 0
0 0.1515625 0.57265625 0.15 0.184375 0 0 0 0 0 0
0 0.1578125 0.70078125 0.14375 0.1890625 0 0 0 0 0 0
0 0.20234375 0.78828125 0.1609375 0.1765625 0 0 0 0 0 0
0 0.05859375 0.59140625 0.1171875 0.2046875 0 0 0 0 0 0
0 0.1015625 0.80859375 0.128125 0.1578125 0 0 0 0 0 0
0 0.07265625 0.93671875 0.1453125 0.103125 0 0 0 0 0 0
0 0.7 0.95 0.1609375 0.1 0 0 0 0 0 0
0 0.80390625 0.978125 0.0953125 0.04375 0 0 0 0 0 0
0 0.6890625 0.021875 0.0625 0.04375 0 0 0 0 0 0
0 0.46875 0.0296875 0.125 0.059375 0 0 0 0 0 0
0 0.93671875 0.52890625 0.125 0.1390625 0 0 0 0 0 0
0 0.8984375 0.684375 0.203125 0.140625 0 0 0 0 0 0
0 0.62109375 0.6765625 0.19375 0.18125 0 0 0 0 0 0
0 0.6125 0.80390625 0.2 0.1296875 0 0 0 0 0 0
0 0.74921875 0.7546875 0.1921875 0.16875 0 0 0 0 0 0
0 0.75546875 0.8265625 0.215625 0.1359375 0 0 0 0 0 0
0 0.90234375 0.79375 0.19375 0.1984375 0 0 0 0 0 0