0 0.81953125 0.32578125 0.121875 0.1625 0 0 0 0 0 0
0 0.61640625 0.39609375 0.125 0.215625 0 0 0 0 0 0
0 0.75546875 0.16796875 0.196875 0.13125 0 0 0 0 0 0
0 0.734375 0.08359375 0.20625 0.11875 0 0 0 0 0 0
0 0.72734375 0.02421875 0.134375 0.0484375 0 0 0 0 0 0
0 0.50078125 0.18984375 0.171875 0.115625 0 0 0 0 0 0
0 0.2375 0.29609375 0.1 0.18125 0 0 0 0 0 0
0 0.140625 0.19140625 0.15 0.18125 0 0 0 0 0 0
0 0.3265625 0.475 0.178125 0.175 0 0 0 0 0 0
0 0.4234375 0.525 0.1703125 0.078125 0 0 0 0 0 0
0 0.45703125 0.61171875 0.1203125 0.1375 0 0 0 0 0 0
0 0.51015625 0.6546875 0.125 0.18125 0 0 0 0 0 0
0 0.5890625 0.69140625 0.1609375 0.1953125 0 0 0 0 0 0