0 0.80859375 0.1578125 0.159375 0.190625 0 0 0 0 0 0
0 0.76640625 0.2671875 0.171875 0.0890625 0 0 0 0 0 0
0 0.63984375 0.1984375 0.1875 0.1125 0 0 0 0 0 0
0 0.50859375 0.1734375 0.175 0.153125 0 0 0 0 0 0
0 0.646875 0.3484375 0.15625 0.159375 0 0 0 0 0 0
0 0.26796875 0.1703125 0.125 0.203125 0 0 0 0 0 0
0 0.63515625 0.5390625 0.1 0.2078125 0 0 0 0 0 0
0 0.8140625 0.77734375 0.184375 0.1296875 0 0 0 0 0 0
0 0.921875 0.7921875 0.134375 0.1296875 0 0 0 0 0 0
0 0.9671875 0.74453125 0.065625 0.1171875 0 0 0 0 0 0
0 0.903125 0.62890625 0.109375 0.1828125 0 0 0 0 0 0
0 0.71640625 0.65546875 0.121875 0.178125 0 0 0 0 0 0
0 0.79140625 0.65546875 0.13125 0.178125 0 0 0 0 0 0
0 0.7234375 0.47578125 0.125 0.1484375 0 0 0 0 0 0
0 0.80078125 0.5515625 0.13125 0.1640625 0 0 0 0 0 0
0 0.9671875 0.6453125 0.065625 0.128125 0 0 0 0 0 0
0 0.97265625 0.53671875 0.0546875 0.1421875 0 0 0 0 0 0
0 0.9546875 0.3546875 0.090625 0.159375 0 0 0 0 0 0
0 0.559375 0.39140625 0.103125 0.15625 0 0 0 0 0 0
0 0.346875 0.27421875 0.103125 0.1875 0 0 0 0 0 0
0 0.40859375 0.36015625 0.075 0.15625 0 0 0 0 0 0
0 0.46640625 0.36328125 0.0875 0.1859375 0 0 0 0 0 0
0 0.5375 0.46796875 0.09375 0.171875 0 0 0 0 0 0
0 0.56015625 0.25234375 0.1375 0.0625 0 0 0 0 0 0
0 0.54453125 0.046875 0.1125 0.09375 0 0 0 0 0 0
0 0.58125 0.02734375 0.146875 0.0546875 0 0 0 0 0 0
0 0.20234375 0.103125 0.1046875 0.184375 0 0 0 0 0 0
0 0.86015625 0.47734375 0.1640625 0.1171875 0 0 0 0 0 0
0 0.42109375 0.2625 0.1125 0.109375 0 0 0 0 0 0
0 0.33671875 0.0375 0.1359375 0.075 0 0 0 0 0 0
0 0.078125 0.0484375 0.1203125 0.096875 0 0 0 0 0 0