0 0.84765625 0.6953125 0.15 0.2109375 0 0 0 0 0 0
0 0.9125 0.88984375 0.1515625 0.2 0 0 0 0 0 0
0 0.70390625 0.91796875 0.128125 0.1640625 0 0 0 0 0 0
0 0.88984375 0.2578125 0.1953125 0.215625 0 0 0 0 0 0
0 0.89453125 0.27734375 0.1359375 0.203125 0 0 0 0 0 0
0 0.97265625 0.36796875 0.0546875 0.1515625 0 0 0 0 0 0
0 0.49765625 0.365625 0.1578125 0.140625 0 0 0 0 0 0
0 0.42578125 0.26171875 0.159375 0.16875 0 0 0 0 0 0
0 0.2015625 0.51328125 0.165625 0.125 0 0 0 0 0 0
0 0.31953125 0.46015625 0.15 0.15625 0 0 0 0 0 0
0 0.30703125 0.32890625 0.1234375 0.184375 0 0 0 0 0 0
0 0.28515625 0.22109375 0.09375 0.178125 0 0 0 0 0 0
0 0.203125 0.25078125 0.1453125 0.1953125 0 0 0 0 0 0
0 0.08359375 0.6765625 0.1671875 0.1625 0 0 0 0 0 0
0 0.0953125 0.45078125 0.14375 0.1921875 0 0 0 0 0 0
0 0.19296875 0.07890625 0.15 0.1578125 0 0 0 0 0 0
0 0.31171875 0.09921875 0.1265625 0.14375 0 0 0 0 0 0
0 0.38828125 0.11484375 0.1328125 0.18125 0 0 0 0 0 0
0 0.49296875 0.09765625 0.1796875 0.1078125 0 0 0 0 0 0
0 0.0453125 0.07578125 0.090625 0.1515625 0 0 0 0 0 0
0 0.0359375 0.4234375 0.071875 0.2046875 0 0 0 0 0 0
0 0.56171875 0.03984375 0.1609375 0.0796875 0 0 0 0 0 0
0 0.05546875 0.87421875 0.1109375 0.1546875 0 0 0 0 0 0