0 0.47265625 0.37265625 0.196875 0.140625 0.40625 0.33125 2 0.5589284375 0.40625 2
0 0.73046875 0.4796875 0.1921875 0.14375 0.8196428125 0.47678562500000005 2 0.6508928125 0.46875 2
0 0.3921875 0.521875 0.15 0.1953125 0.3723215625 0.45357156249999997 2 0.45803562500000006 0.6071428125 2
0 0.26796875 0.59140625 0.171875 0.1546875 0.339285625 0.625 2 0.19017843750000002 0.5348215625 2
0 0.3921875 0.69453125 0.18125 0.13125 0.33660718749999996 0.6589284375 2 0.475 0.7339284375 2
0 0.17734375 0.66953125 0.1875 0.153125 0.25714281250000004 0.6741071875 2 0.085714375 0.6133928125 2
0 0.24140625 0.76484375 0.2 0.115625 0.3214284375 0.745535625 2 0.148214375 0.7785715625 2
0 0.3484375 0.79140625 0.165625 0.121875 0.4178571875 0.7678571875 2 0.273214375 0.8214284375 2
0 0.49453125 0.87578125 0.1875 0.15625 0.42946437499999995 0.925 2 0.5803571875 0.8107143750000001 2
0 0.32265625 0.946875 0.1859375 0.10625 0.254464375 0.9419643750000001 2 0.4089284375 0.9419643750000001 2
0 0.77265625 0.63203125 0.1703125 0.125 0.8339284375 0.626785625 2 0.695535625 0.5848215625 2
0 0.946875 0.58828125 0.10625 0.1765625 0.9457253124999999 0.5536925 0 0.90625 0.6534925 2
0 0.92265625 0.76953125 0.1546875 0.1921875 0.8979778125 0.707720625 2 0.9990809374999999 0.84375 2
0 0.84296875 0.91171875 0.1390625 0.1765625 0.8258928125 0.8473215625 2 0.8910715625 0.9946428125000001 2
0 0.953125 0.909375 0.09375 0.18125 0.9517046875 0.8735215625 0 0.9136028125 0.8409924999999999 2
0 0.05 0.25859375 0.1 0.1359375 0.08455875 0.24264718749999997 2 0.048485 0.25515875 0
0 0.06796875 0.478125 0.1359375 0.0953125 0.0658009375 0.459226875 0 0.1259190625 0.4604778125 2
0 0.053125 0.40546875 0.10625 0.146875 0.051515 0.37639187500000004 0 0.0836396875 0.4604778125 2
0 0.78203125 0.71953125 0.1671875 0.14375 0.7089284375 0.683035625 2 0.858035625 0.7241071875 2
0 0.0625 0.971875 0.125 0.05625 0.0610390625 0.96137125 0 0.1222425 0.995404375 2
0 0.01640625 0.871875 0.03125 0.0921875 0.013420000000000001 0.8611599999999999 0 0.0055146875 0.8382353124999999 2