0 0.20859375 0.15859375 0.1375 0.178125 0 0 0 0 0 0
0 0.51015625 0.0734375 0.1515625 0.146875 0 0 0 0 0 0
0 0.3484375 0.60390625 0.1421875 0.209375 0 0 0 0 0 0
0 0.14140625 0.69453125 0.1359375 0.175 0 0 0 0 0 0
0 0.0625 0.79375 0.125 0.184375 0 0 0 0 0 0
0 0.87890625 0.7109375 0.15 0.159375 0 0 0 0 0 0
0 0.8953125 0.3140625 0.15 0.1375 0 0 0 0 0 0
0 0.93515625 0.2015625 0.1296875 0.184375 0 0 0 0 0 0
0 0.96015625 0.42734375 0.0796875 0.1953125 0 0 0 0 0 0
0 0.72578125 0.07109375 0.1078125 0.1421875 0 0 0 0 0 0
0 0.9046875 0.0328125 0.11875 0.065625 0 0 0 0 0 0
0 0.08125 0.04140625 0.1625 0.0828125 0 0 0 0 0 0
0 0.49375 0.85625 0.178125 0.15625 0 0 0 0 0 0
0 0.60234375 0.68046875 0.171875 0.16875 0 0 0 0 0 0
0 0.440625 0.6296875 0.178125 0.1390625 0 0 0 0 0 0
0 0.53203125 0.50859375 0.19375 0.125 0 0 0 0 0 0
0 0.765625 0.54921875 0.146875 0.2140625 0 0 0 0 0 0
0 0.7109375 0.40390625 0.1734375 0.121875 0 0 0 0 0 0
0 0.60546875 0.3828125 0.078125 0.146875 0 0 0 0 0 0
0 0.778125 0.96015625 0.14375 0.0796875 0 0 0 0 0 0
0 0.0234375 0.89921875 0.046875 0.1140625 0 0 0 0 0 0