0 0.52734375 0.37265625 0.196875 0.140625 0 0 0 0 0 0
0 0.26953125 0.4796875 0.1921875 0.14375 0 0 0 0 0 0
0 0.6078125 0.521875 0.15 0.1953125 0 0 0 0 0 0
0 0.73203125 0.59140625 0.171875 0.1546875 0 0 0 0 0 0
0 0.6078125 0.69453125 0.18125 0.13125 0 0 0 0 0 0
0 0.82265625 0.66953125 0.1875 0.1546875 0 0 0 0 0 0
0 0.75859375 0.76484375 0.2 0.115625 0 0 0 0 0 0
0 0.6515625 0.79140625 0.165625 0.121875 0 0 0 0 0 0
0 0.50546875 0.87578125 0.1875 0.15625 0 0 0 0 0 0
0 0.67734375 0.946875 0.1859375 0.10625 0 0 0 0 0 0
0 0.22734375 0.63203125 0.1703125 0.125 0 0 0 0 0 0
0 0.053125 0.58828125 0.10625 0.1765625 0 0 0 0 0 0
0 0.07734375 0.76953125 0.1546875 0.1921875 0 0 0 0 0 0
0 0.15703125 0.91171875 0.1390625 0.1765625 0 0 0 0 0 0
0 0.046875 0.909375 0.09375 0.18125 0 0 0 0 0 0
0 0.95 0.25859375 0.1 0.1359375 0 0 0 0 0 0
0 0.93203125 0.478125 0.1359375 0.0953125 0 0 0 0 0 0
0 0.946875 0.40546875 0.10625 0.146875 0 0 0 0 0 0
0 0.21796875 0.71953125 0.1671875 0.14375 0 0 0 0 0 0
0 0.9375 0.971875 0.125 0.05625 0 0 0 0 0 0
0 0.98359375 0.871875 0.03125 0.0921875 0 0 0 0 0 0