0 0.8890625 0.346875 0.190625 0.1375 0 0 0 0 0 0
0 0.696875 0.28984375 0.1203125 0.1203125 0 0 0 0 0 0
0 0.82265625 0.4921875 0.1390625 0.15625 0 0 0 0 0 0
0 0.5078125 0.25703125 0.1546875 0.2 0 0 0 0 0 0
0 0.38046875 0.25390625 0.1921875 0.1203125 0 0 0 0 0 0
0 0.2203125 0.15546875 0.15625 0.184375 0 0 0 0 0 0
0 0.16015625 0.34296875 0.1640625 0.1859375 0 0 0 0 0 0
0 0.55078125 0.10703125 0.184375 0.1109375 0 0 0 0 0 0
0 0.71796875 0.1125 0.196875 0.140625 0 0 0 0 0 0
0 0.66171875 0.03828125 0.184375 0.075 0 0 0 0 0 0
0 0.88125 0.03515625 0.1234375 0.0703125 0 0 0 0 0 0
0 0.96328125 0.040625 0.0734375 0.08125 0 0 0 0 0 0
0 0.03125 0.1984375 0.0625 0.1109375 0 0 0 0 0 0
0 0.04140625 0.3265625 0.08125 0.1359375 0 0 0 0 0 0
0 0.2 0.5703125 0.21875 0.115625 0 0 0 0 0 0
0 0.0546875 0.64296875 0.109375 0.1171875 0 0 0 0 0 0
0 0.1328125 0.6921875 0.1875 0.125 0 0 0 0 0 0
0 0.23359375 0.72265625 0.2078125 0.084375 0 0 0 0 0 0
0 0.1265625 0.77734375 0.153125 0.14375 0 0 0 0 0 0
0 0.29765625 0.809375 0.225 0.115625 0 0 0 0 0 0
0 0.1203125 0.89453125 0.1984375 0.115625 0 0 0 0 0 0
0 0.2421875 0.86953125 0.2234375 0.0984375 0 0 0 0 0 0
0 0.3078125 0.95390625 0.175 0.0921875 0 0 0 0 0 0
0 0.40859375 0.73125 0.18125 0.121875 0 0 0 0 0 0
0 0.53515625 0.70390625 0.19375 0.125 0 0 0 0 0 0
0 0.4734375 0.83046875 0.1625 0.1453125 0 0 0 0 0 0
0 0.54140625 0.91484375 0.1390625 0.16875 0 0 0 0 0 0
0 0.621875 0.92421875 0.2 0.1515625 0 0 0 0 0 0
0 0.80078125 0.91875 0.178125 0.15 0 0 0 0 0 0
0 0.83203125 0.7328125 0.1140625 0.2125 0 0 0 0 0 0
0 0.9265625 0.66875 0.146875 0.1265625 0 0 0 0 0 0
0 0.959375 0.7328125 0.08125 0.0875 0 0 0 0 0 0
0 0.73671875 0.6421875 0.16875 0.146875 0 0 0 0 0 0
0 0.63046875 0.6234375 0.1765625 0.0890625 0 0 0 0 0 0
0 0.915625 0.8671875 0.16875 0.146875 0 0 0 0 0 0
0 0.9640625 0.9515625 0.071875 0.096875 0 0 0 0 0 0
0 0.41953125 0.1 0.140625 0.2 0 0 0 0 0 0