0 0.565625 0.5640625 0.221875 0.1125 0 0 0 0 0 0
0 0.3796875 0.678125 0.14375 0.20625 0 0 0 0 0 0
0 0.1828125 0.71640625 0.1484375 0.18125 0 0 0 0 0 0
0 0.11328125 0.321875 0.1265625 0.2 0 0 0 0 0 0
0 0.19921875 0.1171875 0.121875 0.19375 0 0 0 0 0 0
0 0.31171875 0.21484375 0.153125 0.13125 0 0 0 0 0 0
0 0.40390625 0.171875 0.121875 0.1953125 0 0 0 0 0 0
0 0.4109375 0.05 0.134375 0.1 0 0 0 0 0 0
0 0.7234375 0.115625 0.1625 0.1625 0 0 0 0 0 0
0 0.57578125 0.28828125 0.134375 0.2 0 0 0 0 0 0
0 0.73125 0.31796875 0.171875 0.1625 0 0 0 0 0 0
0 0.79140625 0.50390625 0.128125 0.153125 0 0 0 0 0 0
0 0.884375 0.4046875 0.1578125 0.18125 0 0 0 0 0 0
0 0.8578125 0.27265625 0.15625 0.1953125 0 0 0 0 0 0