0 0.93828125 0.9484375 0.1234375 0.103125 0 0 0 0 0 0
0 0.75234375 0.99140625 0.125 0.0171875 0 0 0 0 0 0
0 0.8328125 0.8296875 0.184375 0.1125 0 0 0 0 0 0
0 0.63515625 0.81953125 0.2078125 0.1453125 0 0 0 0 0 0
0 0.45703125 0.81875 0.18125 0.13125 0 0 0 0 0 0
0 0.11640625 0.8265625 0.228125 0.13125 0 0 0 0 0 0
0 0.10859375 0.69765625 0.15625 0.18125 0 0 0 0 0 0
0 0.134375 0.5265625 0.1671875 0.165625 0 0 0 0 0 0
0 0.20625 0.61484375 0.1828125 0.1125 0 0 0 0 0 0
0 0.25625 0.48828125 0.175 0.146875 0 0 0 0 0 0
0 0.209375 0.38125 0.215625 0.1 0 0 0 0 0 0
0 0.1375 0.3390625 0.196875 0.090625 0 0 0 0 0 0
0 0.04375 0.1953125 0.0875 0.1046875 0 0 0 0 0 0
0 0.1 0.15703125 0.1921875 0.1453125 0 0 0 0 0 0
0 0.07109375 0.046875 0.1421875 0.09375 0 0 0 0 0 0
0 0.2953125 0.09765625 0.11875 0.171875 0 0 0 0 0 0
0 0.4078125 0.15703125 0.125 0.1015625 0 0 0 0 0 0
0 0.54765625 0.08359375 0.1640625 0.15 0 0 0 0 0 0
0 0.6078125 0.02734375 0.11875 0.0546875 0 0 0 0 0 0
0 0.4671875 0.22578125 0.1421875 0.165625 0 0 0 0 0 0
0 0.54921875 0.2546875 0.1546875 0.178125 0 0 0 0 0 0
0 0.64765625 0.1953125 0.128125 0.19375 0 0 0 0 0 0
0 0.740625 0.1765625 0.128125 0.1875 0 0 0 0 0 0
0 0.87421875 0.0796875 0.159375 0.153125 0 0 0 0 0 0
0 0.8359375 0.19765625 0.1609375 0.18125 0 0 0 0 0 0
0 0.87421875 0.28671875 0.10625 0.1703125 0 0 0 0 0 0
0 0.940625 0.246875 0.11875 0.13125 0 0 0 0 0 0
0 0.96484375 0.16171875 0.0703125 0.09375 0 0 0 0 0 0
0 0.98046875 0.25390625 0.0390625 0.059375 0 0 0 0 0 0
0 0.95625 0.4671875 0.0875 0.096875 0 0 0 0 0 0
0 0.96875 0.59296875 0.0625 0.1234375 0 0 0 0 0 0
0 0.878125 0.63359375 0.1953125 0.1375 0 0 0 0 0 0
0 0.9453125 0.74140625 0.109375 0.1359375 0 0 0 0 0 0
0 0.7953125 0.4109375 0.184375 0.128125 0 0 0 0 0 0
0 0.6828125 0.46640625 0.10625 0.15 0 0 0 0 0 0
0 0.57734375 0.4046875 0.1078125 0.1609375 0 0 0 0 0 0
0 0.60546875 0.52578125 0.0875 0.134375 0 0 0 0 0 0
0 0.51484375 0.51875 0.13125 0.146875 0 0 0 0 0 0
0 0.4546875 0.62890625 0.1796875 0.128125 0 0 0 0 0 0
0 0.015625 0.2671875 0.03125 0.11875 0 0 0 0 0 0
0 0.0171875 0.3953125 0.034375 0.0578125 0 0 0 0 0 0