0 0.41171875 0.65703125 0.16953125 0.175 0.45267843750000003 0.7125 2 0.33839281250000003 0.5767856250000001 2
0 0.69921875 0.59453125 0.17578125 0.15546875 0.6357143749999999 0.5571428125 2 0.7776784375 0.6392856250000001 2
0 0.3859375 0.403125 0.1375 0.2203125 0.3964284375 0.320535625 2 0.364285625 0.5035715625 2
0 0.70703125 0.38984375 0.19609375 0.1203125 0.63125 0.404464375 2 0.7973215625 0.39196437500000003 2
0 0.76328125 0.20234375 0.20859375 0.13203125 0.6696428125 0.2 2 0.85 0.2098215625 2
0 0.53671875 0.3046875 0.20234375 0.14375 0.6008928124999999 0.35089281250000004 2 0.451785625 0.25625 2
0 0.5140625 0.89296875 0.18359375 0.14296875 0.5767856250000001 0.8973215625 2 0.435714375 0.9017856249999999 2
0 0.7890625 0.93203125 0.1875 0.1359375 0.8290440625000001 0.9034924999999999 2 0.7864446875 0.928373125 0
0 0.05859375 0.83046875 0.1171875 0.13984375 0.079963125 0.8584559374999999 2 0.0568753125 0.8266246875000001 0
0 0.05234375 0.51640625 0.1046875 0.09765625 0.050649374999999996 0.4972665625 0 0.078125 0.535845625 2
0 0.37578125 0.17109375 0.10859375 0.17578125 0.40625 0.2464284375 2 0.333035625 0.09285718750000001 2
0 0.47734375 0.128125 0.13359375 0.1421875 0.4339284375 0.18571437500000001 2 0.5375 0.070535625 2
0 0.34765625 0.0453125 0.1484375 0.090625 0.3464884375 0.0275365625 0 0.39981625 0.0854778125 2
0 0.9640625 0.8453125 0.071875 0.10234375 0.9627975 0.8251081250000001 0 0.9476103124999999 0.8731618750000001 2
0 0.9765625 0.60625 0.046875 0.06875 0.976406875 0.5936465625 0 0.9678309374999999 0.6194853124999999 2