0 0.56796875 0.72265625 0.190625 0.140625 0 0 0 0 0 0
0 0.67265625 0.83046875 0.196875 0.1625 0 0 0 0 0 0
0 0.59609375 0.6 0.115625 0.19375 0 0 0 0 0 0
0 0.7203125 0.4625 0.175 0.14375 0 0 0 0 0 0
0 0.64921875 0.37578125 0.171875 0.153125 0 0 0 0 0 0
0 0.87734375 0.5984375 0.171875 0.1140625 0 0 0 0 0 0
0 0.9625 0.7171875 0.075 0.15 0 0 0 0 0 0
0 0.94140625 0.97421875 0.0859375 0.0515625 0 0 0 0 0 0
0 0.94375 0.52265625 0.1125 0.1234375 0 0 0 0 0 0
0 0.93671875 0.41796875 0.125 0.140625 0 0 0 0 0 0
0 0.8796875 0.3171875 0.209375 0.1234375 0 0 0 0 0 0
0 0.9328125 0.19140625 0.134375 0.1328125 0 0 0 0 0 0
0 0.921875 0.07421875 0.1375 0.1484375 0 0 0 0 0 0
0 0.828125 0.19609375 0.1375 0.18125 0 0 0 0 0 0
0 0.78203125 0.15 0.18125 0.1625 0 0 0 0 0 0
0 0.53984375 0.4828125 0.1078125 0.1671875 0 0 0 0 0 0
0 0.54296875 0.3359375 0.1359375 0.178125 0 0 0 0 0 0
0 0.5765625 0.23359375 0.090625 0.196875 0 0 0 0 0 0
0 0.5125 0.21328125 0.0734375 0.153125 0 0 0 0 0 0
0 0.4328125 0.29296875 0.125 0.221875 0 0 0 0 0 0
0 0.42578125 0.26796875 0.1296875 0.1546875 0 0 0 0 0 0
0 0.38359375 0.49609375 0.140625 0.18125 0 0 0 0 0 0
0 0.25 0.4640625 0.140625 0.196875 0 0 0 0 0 0
0 0.2546875 0.17890625 0.1578125 0.26875 0 0 0 0 0 0
0 0.23828125 0.0421875 0.125 0.084375 0 0 0 0 0 0
0 0.14453125 0.06953125 0.109375 0.1390625 0 0 0 0 0 0
0 0.0625 0.1265625 0.125 0.1421875 0 0 0 0 0 0
0 0.03984375 0.26015625 0.0796875 0.1828125 0 0 0 0 0 0
0 0.1078125 0.42578125 0.140625 0.18125 0 0 0 0 0 0
0 0.1390625 0.56875 0.146875 0.19375 0 0 0 0 0 0
0 0.0703125 0.825 0.11875 0.1953125 0 0 0 0 0 0
0 0.2171875 0.8484375 0.128125 0.190625 0 0 0 0 0 0
0 0.315625 0.88125 0.1375 0.1734375 0 0 0 0 0 0
0 0.53984375 0.9578125 0.15625 0.084375 0 0 0 0 0 0
0 0.4203125 0.97421875 0.115625 0.0515625 0 0 0 0 0 0
0 0.30625 0.97890625 0.06875 0.0421875 0 0 0 0 0 0
0 0.690625 0.97109375 0.05625 0.0578125 0 0 0 0 0 0
0 0.615625 0.03359375 0.10625 0.0671875 0 0 0 0 0 0
0 0.69140625 0.0390625 0.0625 0.078125 0 0 0 0 0 0
0 0.10546875 0.92734375 0.1375 0.14375 0 0 0 0 0 0
0 0.97578125 0.04296875 0.0453125 0.0859375 0 0 0 0 0 0
0 0.75546875 0.10078125 0.134375 0.178125 0 0 0 0 0 0