0 0.2171875 0.96796875 0.1421875 0.0640625 0 0 0 0 0 0
0 0.70390625 0.9625 0.19375 0.075 0 0 0 0 0 0
0 0.890625 0.7875 0.159375 0.140625 0 0 0 0 0 0
0 0.76171875 0.73515625 0.1609375 0.146875 0 0 0 0 0 0
0 0.57421875 0.59609375 0.165625 0.10625 0 0 0 0 0 0
0 0.93984375 0.596875 0.1203125 0.18125 0 0 0 0 0 0
0 0.925 0.43125 0.15 0.16875 0 0 0 0 0 0
0 0.97421875 0.325 0.05 0.1 0 0 0 0 0 0
0 0.87265625 0.16015625 0.16875 0.1328125 0 0 0 0 0 0
0 0.80234375 0.06328125 0.209375 0.1265625 0 0 0 0 0 0
0 0.73828125 0.1921875 0.2125 0.15 0 0 0 0 0 0
0 0.60859375 0.2359375 0.1921875 0.128125 0 0 0 0 0 0
0 0.4578125 0.2265625 0.15 0.1046875 0 0 0 0 0 0
0 0.51640625 0.09921875 0.203125 0.1171875 0 0 0 0 0 0
0 0.3515625 0.14375 0.184375 0.10625 0 0 0 0 0 0
0 0.2890625 0.04375 0.1953125 0.0875 0 0 0 0 0 0
0 0.0484375 0.01484375 0.096875 0.028125 0 0 0 0 0 0
0 0.12890625 0.25078125 0.184375 0.14375 0 0 0 0 0 0
0 0.28359375 0.25625 0.184375 0.153125 0 0 0 0 0 0
0 0.2265625 0.34296875 0.184375 0.134375 0 0 0 0 0 0
0 0.0828125 0.35078125 0.165625 0.1296875 0 0 0 0 0 0
0 0.02890625 0.43984375 0.0578125 0.1140625 0 0 0 0 0 0
0 0.209375 0.465625 0.215625 0.11875 0 0 0 0 0 0
0 0.26875 0.665625 0.190625 0.1421875 0 0 0 0 0 0
0 0.071875 0.73359375 0.14375 0.14375 0 0 0 0 0 0