0 0.42578125 0.67734375 0.1703125 0.2 0 0 0 0 0 0
0 0.30703125 0.7640625 0.14375 0.1875 0 0 0 0 0 0
0 0.19375 0.871875 0.1515625 0.2015625 0 0 0 0 0 0
0 0.1984375 0.34296875 0.128125 0.175 0 0 0 0 0 0
0 0.04296875 0.91015625 0.0859375 0.1640625 0 0 0 0 0 0
0 0.1 0.6515625 0.11875 0.16875 0 0 0 0 0 0
0 0.10234375 0.51953125 0.1765625 0.11875 0 0 0 0 0 0
0 0.0578125 0.4140625 0.115625 0.13125 0 0 0 0 0 0
0 0.0328125 0.6046875 0.065625 0.15 0 0 0 0 0 0
0 0.0265625 0.27734375 0.053125 0.19375 0 0 0 0 0 0
0 0.37421875 0.16953125 0.1515625 0.1890625 0 0 0 0 0 0
0 0.2546875 0.065625 0.1359375 0.13125 0 0 0 0 0 0
0 0.6484375 0.23984375 0.140625 0.2078125 0 0 0 0 0 0
0 0.75703125 0.2328125 0.1109375 0.20625 0 0 0 0 0 0
0 0.7421875 0.69296875 0.2 0.1859375 0 0 0 0 0 0
0 0.88515625 0.7390625 0.2171875 0.1828125 0 0 0 0 0 0
0 0.87734375 0.225 0.1390625 0.184375 0 0 0 0 0 0
0 0.95546875 0.10703125 0.0890625 0.1921875 0 0 0 0 0 0