0 0.53203125 0.95859375 0.13359375 0.0828125 0.5301134375000001 0.9420568749999999 0 0.48529406249999996 0.93106625 2
0 0.04921875 0.85703125 0.0984375 0.1546875 0.048051875 0.826141875 0 0.0854778125 0.8134190625000001 2
0 0.5296875 0.39921875 0.1828125 0.1390625 0.598214375 0.3776784375 2 0.45 0.4491071875 2
0 0.24765625 0.23203125 0.1671875 0.13203125 0.3151784375 0.26607156249999997 2 0.176785625 0.19017843750000002 2
0 0.2203125 0.1265625 0.1625 0.1703125 0.26517843750000003 0.19017843750000002 2 0.148214375 0.07589281249999999 2
0 0.4203125 0.19453125 0.14296875 0.1609375 0.45357156249999997 0.1383928125 2 0.36071437500000003 0.2678571875 2
0 0.65 0.20390625 0.1125 0.16328125 0.6875 0.273214375 2 0.60625 0.1339284375 2
0 0.76640625 0.6078125 0.19375 0.1265625 0.8375 0.6160715625 2 0.6758928125 0.6196428125 2
0 0.8703125 0.69453125 0.18125 0.11015625 0.9464284375 0.716964375 2 0.79375 0.654464375 2
0 0.9078125 0.57890625 0.18359375 0.15546875 0.8508928125 0.5625 2 0.9910715625 0.6241071875 2
0 0.6859375 0.47734375 0.17734375 0.11328125 0.6133928125 0.5089284375 2 0.7508928125 0.454464375 2
0 0.7484375 0.4265625 0.1359375 0.19140625 0.7125 0.373214375 2 0.7928571875 0.508035625 2
0 0.8796875 0.43984375 0.17109375 0.1421875 0.8098215625 0.43303562500000004 2 0.954464375 0.49910718750000005 2
0 0.9109375 0.4015625 0.11328125 0.15078125 0.9107143750000001 0.35089281250000004 2 0.9223215625 0.4616071875 2
0 0.85546875 0.14453125 0.1453125 0.19296875 0.88125 0.20625 2 0.823214375 0.05625 2
0 0.7765625 0.23203125 0.20703125 0.1296875 0.851785625 0.26696437500000003 2 0.695535625 0.23125 2
0 0.88984375 0.3140625 0.1453125 0.08984375 0.9508928125 0.3258928125 2 0.8258928125 0.289285625 2
0 0.64140625 0.040625 0.1515625 0.08125 0.5785715625 0.0214284375 2 0.7044643749999999 0.058035625 2
0 0.46875 0.06015625 0.16640625 0.11953125 0.408088125 0.091911875 2 0.46623374999999995 0.056498124999999996 0
0 0.975 0.17421875 0.05 0.0796875 0.9747025 0.1594575 0 0.9568015624999999 0.1507353125 2
0 0.96171875 0.08515625 0.07578125 0.0984375 0.9609034375000001 0.06539375 0 0.9338234375000001 0.10294125000000001 2