0 0.55546875 0.315625 0.184375 0.121875 0.6222425 0.28492656250000004 2 0.473345625 0.35018375 2
0 0.81328125 0.4171875 0.203125 0.11328125 0.89981625 0.423713125 2 0.7196690625 0.42279406249999996 2
0 0.640625 0.503125 0.17265625 0.140625 0.5680146875000001 0.49356625000000004 2 0.71875 0.5147059375 2
0 0.6265625 0.61484375 0.1890625 0.125 0.7040440625 0.6130515625 2 0.535845625 0.6121325 2
0 0.3609375 0.58203125 0.171875 0.11640625 0.392463125 0.6222425 2 0.292279375 0.5386028125 2
0 0.45078125 0.68828125 0.18828125 0.11484375 0.5238971875 0.7178309375 2 0.3602940625 0.6553309375 2
0 0.49140625 0.7859375 0.1609375 0.11875 0.5542278125 0.738970625 2 0.41819843749999996 0.83731625 2
0 0.86640625 0.809375 0.1890625 0.1453125 0.9163603124999999 0.8492646875000001 2 0.779411875 0.7463234375 2
0 0.9375 0.8953125 0.125 0.1203125 0.9981618750000001 0.926470625 2 0.9163603124999999 0.8566174999999999 2
0 0.57890625 0.93046875 0.18671875 0.090625 0.6617646875000001 0.9476103124999999 2 0.4944853125 0.9090075000000001 2
0 0.66015625 0.9609375 0.14921875 0.078125 0.6576703125 0.9454834375000001 0 0.723345625 0.9319853124999999 2
0 0.34765625 0.30546875 0.18828125 0.16484375 0.4007353125 0.265625 2 0.27481625 0.3777575 2
0 0.178125 0.340625 0.19296875 0.15625 0.2334559375 0.3832721875 2 0.09375 0.285845625 2
0 0.0515625 0.321875 0.103125 0.17734375 0.048713125 0.40257343749999996 2 0 0.2444853125 2
0 0.5578125 0.065625 0.11875 0.13125 0.567095625 0.0292278125 0 0.595588125 0.1284925 2
0 0.875 0.0515625 0.159375 0.103125 0.9090075000000001 0.06875 2 0.8676471875 0.046691250000000004 0
0 0.4171875 0.04609375 0.1390625 0.09140625 0.373161875 0.0494484375 2 0.414716875 0.048411875 0
0 0.16015625 0.03046875 0.0953125 0.0609375 0.1865809375 0.0319853125 2 0.16229375 0.032404062500000004 0
0 0.23671875 0.08671875 0.203125 0.10859375 0.160845625 0.109375 2 0.328125 0.0680146875 2
0 0.33671875 0.1734375 0.17890625 0.10859375 0.27205875 0.1930146875 2 0.423713125 0.1461396875 2
0 0.24140625 0.246875 0.17109375 0.14609375 0.310661875 0.2757353125 2 0.16544125 0.192095625 2
0 0.85 0.2296875 0.11796875 0.20390625 0.8694853124999999 0.30882343749999996 2 0.817095625 0.129595625 2
0 0.94609375 0.2078125 0.1078125 0.15234375 0.9191174999999999 0.2683825 2 0.9926471875 0.140625 2
0 0.92109375 0.42578125 0.11640625 0.13671875 0.9613971875 0.373161875 2 0.8805146875000001 0.4770221875 2
0 0.975 0.44140625 0.05 0.06328125 0.974431875 0.4290909375 0 0.9659924999999999 0.439338125 2
0 0.9796875 0.75078125 0.040625 0.04609375 0.9791665625 0.7418284374999999 0 0.9696690625000001 0.7509190625 2
0 0.11953125 0.67109375 0.18046875 0.11328125 0.1976103125 0.68106625 2 0.0367646875 0.6663603124999999 2
0 0.11640625 0.93125 0.1625 0.1203125 0.1865809375 0.9356618750000001 2 0.0386028125 0.9191174999999999 2
0 0.228125 0.95625 0.153125 0.0875 0.16544125 0.9852940625000001 2 0.2895221875 0.9347424999999999 2
0 0.33125 0.93671875 0.175 0.12578125 0.363970625 0.99356625 2 0.2628675 0.88143375 2
0 0.196875 0.8171875 0.09296875 0.16171875 0.19117656249999998 0.8768381249999999 2 0.2150734375 0.7444853124999999 2
0 0.2078125 0.80234375 0.15703125 0.10625 0.270220625 0.8262868750000001 2 0.142463125 0.7757353124999999 2
0 0.1453125 0.58046875 0.15625 0.10546875 0.204963125 0.598345625 2 0.076286875 0.5597425 2
0 0.05390625 0.565625 0.1078125 0.0875 0.09375 0.5496325 2 0.052584687500000005 0.5642106250000001 0
0 0.29765625 0.7125 0.09453125 0.1515625 0.31893375 0.77481625 2 0.2840075 0.6534925 2
0 0.346875 0.80703125 0.0875 0.1578125 0.3511028125 0.8740809374999999 2 0.341911875 0.74356625 2