0 0.8421875 0.6203125 0.190625 0.128125 0.0845275 0.3696290625 2 0.24880718750000003 0.361988125 2
0 0.89921875 0.440625 0.1359375 0.184375 0.0845275 0.6375384375 2 0.13705875 0.4746915625 2
0 0.71953125 0.3734375 0.1125 0.171875 0.2917871875 0.6986656250000001 2 0.2817584375 0.5429821875 2
0 0.809375 0.303125 0.190625 0.146875 0.26170125 0.7127059375 2 0.1284628125 0.636296875 2
0 0.86328125 0.04375 0.1390625 0.0875 0.1349459375 0.9390190625000001 0 0.1084053125 0.917386875 2
0 0.6125 0.15390625 0.153125 0.134375 0.3438409375 0.8643778125000001 2 0.457499375 0.7927443750000001 2
0 0.4859375 0.18359375 0.1875 0.134375 0.4326665625 0.8185325000000001 2 0.603631875 0.8175775 2
0 0.13125 0.12578125 0.1984375 0.1484375 0.8032506250000001 0.8777496875 2 0.9646649999999999 0.8696309375 2
0 0.08828125 0.040625 0.121875 0.08125 0.8586471875000001 0.9746937499999999 2 0.9694403125 0.9417421875 2
0 0.03984375 0.2875 0.0796875 0.1296875 0.9374440625 0.675743125 2 0.959889375 0.7096493749999999 0
0 0.18203125 0.45625 0.196875 0.134375 0.730661875 0.5582640624999999 2 0.9006721875 0.551578125 2
0 0.153125 0.56953125 0.196875 0.15625 0.798475 0.38873125000000003 2 0.9379215625 0.5014346875 2
0 0.0296875 0.6 0.059375 0.1109375 0.9785140625000001 0.3638984375 2 0.9692503125 0.396863125 0
0 0.0375 0.69921875 0.075 0.1140625 0.9613778125 0.323199375 0 0.9364890625 0.276983125 2
0 0.09140625 0.7734375 0.1828125 0.153125 0.9847221875000001 0.193410625 2 0.8591246874999999 0.2975178125 2
0 0.209375 0.78203125 0.18125 0.16875 0.8376346874999999 0.17430812499999998 2 0.7263640625 0.287489375 2
0 0.01953125 0.93671875 0.0390625 0.096875 0.9804243749999999 0.0644703125 2 0.9660975 0.057306875 0
0 0.24140625 0.91484375 0.140625 0.13125 0.7063065625 0.0339065625 1 0.8252184375 0.068768125 2
0 0.27734375 0.93046875 0.1453125 0.1375 0.7117625000000001 0.0966409375 0 0.708694375 0.1332384375 2
0 0.3671875 0.92109375 0.1703125 0.14375 0.5754559375 0.0878703125 2 0.7115596875 0.036294375000000004 2
0 0.4984375 0.953125 0.121875 0.09375 0.499046875 0.078796875 2 0.5000021875 0.048233125 0
0 0.5921875 0.95546875 0.084375 0.0890625 0.4100621875 0.06265 0 0.4283684375 0.085005 2
0 0.9421875 0.95390625 0.115625 0.0921875 0.059781562499999996 0.06431624999999999 0 0.1021971875 0 2
0 0.9828125 0.7828125 0.034375 0.0609375 0.017713125 0.22919125 0 0.0291309375 0.2387784375 2
0 0.54765625 0.45 0.1109375 0.1734375 0.49474906250000006 0.46848343750000004 2 0.4383971875 0.624166875 2
0 0.4828125 0.5875 0.20625 0.103125 0.45129125 0.38252312499999996 2 0.614615625 0.4188175 2
0 0.5078125 0.6484375 0.21875 0.09375 0.4326665625 0.3686740625 2 0.59885625 0.32187343749999997 2
0 0.6109375 0.70234375 0.209375 0.140625 0.3342896875 0.313755 2 0.4894959375 0.236390625 2
0 0.63125 0.77578125 0.134375 0.1921875 0.3710615625 0.310411875 2 0.4188175 0.130373125 2
0 0.4890625 0.796875 0.1765625 0.128125 0.4441278125 0.18147156250000002 2 0.5955134375 0.1872021875 2
0 0.496875 0.33828125 0.196875 0.121875 0.4344775 0.6566909375 2 0.5963284375 0.64674125 2