0 0.315625 0.48203125 0.1625 0.184375 0 0 0 0 0 0
0 0.203125 0.3875 0.25625 0.14375 0 0 0 0 0 0
0 0.36875 0.33203125 0.13125 0.1625 0 0 0 0 0 0
0 0.45625 0.34453125 0.1015625 0.146875 0 0 0 0 0 0
0 0.43671875 0.18125 0.134375 0.1640625 0 0 0 0 0 0
0 0.56796875 0.28203125 0.165625 0.1875 0 0 0 0 0 0
0 0.53046875 0.4796875 0.134375 0.215625 0 0 0 0 0 0
0 0.76171875 0.53359375 0.165625 0.1609375 0 0 0 0 0 0
0 0.77578125 0.37109375 0.15 0.221875 0 0 0 0 0 0
0 0.778125 0.1015625 0.128125 0.1875 0 0 0 0 0 0
0 0.86875 0.190625 0.2296875 0.140625 0 0 0 0 0 0
0 0.903125 0.4671875 0.19375 0.121875 0 0 0 0 0 0
0 0.91171875 0.5171875 0.1 0.190625 0 0 0 0 0 0
0 0.9515625 0.596875 0.096875 0.14375 0 0 0 0 0 0
0 0.98203125 0.91640625 0.034375 0.04375 0 0 0 0 0 0
0 0.85390625 0.98125 0.0875 0.0375 0 0 0 0 0 0
0 0.74609375 0.934375 0.1390625 0.13125 0 0 0 0 0 0
0 0.63203125 0.9515625 0.10625 0.096875 0 0 0 0 0 0
0 0.496875 0.9078125 0.159375 0.184375 0 0 0 0 0 0
0 0.41796875 0.8140625 0.153125 0.159375 0 0 0 0 0 0
0 0.21171875 0.9734375 0.1015625 0.053125 0 0 0 0 0 0
0 0.025 0.67578125 0.05 0.1609375 0 0 0 0 0 0
0 0.07421875 0.38828125 0.1484375 0.1953125 0 0 0 0 0 0
0 0.24296875 0.13359375 0.209375 0.14375 0 0 0 0 0 0
0 0.1203125 0.04296875 0.153125 0.084375 0 0 0 0 0 0
0 0.04140625 0.096875 0.0828125 0.19375 0 0 0 0 0 0