0 0.12578125 0.30078125 0.159375 0.1875 0 0 0 0 0 0
0 0.3140625 0.325 0.234375 0.115625 0 0 0 0 0 0
0 0.20703125 0.50234375 0.13125 0.1578125 0 0 0 0 0 0
0 0.30078125 0.7 0.159375 0.175 0 0 0 0 0 0
0 0.2203125 0.640625 0.11875 0.20625 0 0 0 0 0 0
0 0.26640625 0.96015625 0.14375 0.0796875 0 0 0 0 0 0
0 0.53359375 0.57109375 0.146875 0.1765625 0 0 0 0 0 0
0 0.65390625 0.34765625 0.1125 0.153125 0 0 0 0 0 0
0 0.68828125 0.73046875 0.1375 0.178125 0 0 0 0 0 0
0 0.509375 0.925 0.121875 0.15 0 0 0 0 0 0
0 0.63515625 0.95859375 0.075 0.0828125 0 0 0 0 0 0
0 0.903125 0.93125 0.11875 0.1375 0 0 0 0 0 0
0 0.8953125 0.76953125 0.175 0.1078125 0 0 0 0 0 0
0 0.8609375 0.65625 0.15 0.196875 0 0 0 0 0 0
0 0.93203125 0.6984375 0.1359375 0.08125 0 0 0 0 0 0
0 0.953125 0.62109375 0.09375 0.1046875 0 0 0 0 0 0
0 0.9390625 0.52890625 0.121875 0.121875 0 0 0 0 0 0
0 0.94140625 0.16953125 0.1171875 0.134375 0 0 0 0 0 0
0 0.82421875 0.06015625 0.134375 0.11875 0 0 0 0 0 0
0 0.75234375 0.490625 0.09375 0.146875 0 0 0 0 0 0
0 0.14140625 0.02109375 0.1640625 0.0421875 0 0 0 0 0 0
0 0.03984375 0.9078125 0.0796875 0.1390625 0 0 0 0 0 0
0 0.0140625 0.81953125 0.028125 0.084375 0 0 0 0 0 0
0 0.96953125 0.76953125 0.059375 0.1015625 0 0 0 0 0 0
0 0.90703125 0.0125 0.046875 0.025 0 0 0 0 0 0