0 0.8890625 0.653125 0.19140625 0.13828125 0.820535625 0.6366071875 2 0.9758928125 0.6705356250000001 2
0 0.696875 0.71015625 0.1203125 0.1203125 0.6696428125 0.7633928125 2 0.7303571875 0.65625 2
0 0.82265625 0.5078125 0.1390625 0.15703125 0.8848215625 0.4741071875 2 0.7616071875 0.56875 2
0 0.5078125 0.74296875 0.1546875 0.2 0.46964281249999995 0.8053571875 2 0.5758928125 0.6651784375 2
0 0.38046875 0.74609375 0.1921875 0.1203125 0.316964375 0.7348215625 2 0.4633928125 0.7196428125 2
0 0.2203125 0.84453125 0.15703125 0.18359375 0.2535715625 0.9089284375 2 0.1651784375 0.7526784375 2
0 0.16015625 0.65703125 0.1640625 0.1859375 0.125 0.6 2 0.23214281250000002 0.7276784375 2
0 0.55078125 0.89296875 0.18515625 0.1109375 0.6285715625 0.8973215625 2 0.46785718750000005 0.8910715625 2
0 0.71796875 0.8875 0.19609375 0.14140625 0.6535715625 0.8714284375 2 0.8133928125000001 0.875 2
0 0.66171875 0.96171875 0.18359375 0.07578125 0.5928571875 0.96875 2 0.7491071875 0.975 2
0 0.88125 0.96484375 0.1234375 0.0703125 0.879383125 0.950779375 0 0.9227940625000001 0.9375 2
0 0.96328125 0.959375 0.0734375 0.08125 0.9522059374999999 0.9476103124999999 2 0.96227 0.9569240625000001 0
0 0.03125 0.8015625 0.0625 0.1109375 0.030303124999999997 0.7798849999999999 0 0.05606625 0.7821690625 2
0 0.04140625 0.6734375 0.08203125 0.1359375 0.056985312499999996 0.7196690625 2 0.0398396875 0.669643125 0
0 0.2 0.4296875 0.21953125 0.11484375 0.125 0.41428562500000005 2 0.2928571875 0.43839281249999995 2
0 0.0546875 0.35703125 0.109375 0.1171875 0.053246562500000004 0.3344525 0 0.08731625 0.3805146875 2
0 0.1328125 0.3078125 0.18671875 0.12578125 0.06160718750000001 0.301785625 2 0.2178571875 0.3223215625 2
0 0.23359375 0.27734375 0.2078125 0.08515625 0.179464375 0.2776784375 2 0.32946437500000003 0.301785625 2
0 0.1265625 0.22265625 0.15234375 0.14375 0.1928571875 0.18035718750000002 2 0.06339281249999999 0.2839284375 2
0 0.29765625 0.190625 0.22578125 0.11484375 0.3758928125 0.1616071875 2 0.18928562499999999 0.21875 2
0 0.1203125 0.10546875 0.1984375 0.11484375 0.044642812500000004 0.0991071875 2 0.21607156249999998 0.0973215625 2
0 0.2421875 0.13046875 0.2234375 0.0984375 0.176785625 0.1446428125 2 0.348214375 0.1008928125 2
0 0.3078125 0.04609375 0.17578125 0.0921875 0.3839284375 0.027678437500000003 2 0.23214281250000002 0.0098215625 2
0 0.40859375 0.26875 0.18046875 0.12109375 0.348214375 0.275 2 0.49375 0.226785625 2
0 0.53515625 0.29609375 0.19375 0.12421875 0.46875 0.29375 2 0.625 0.279464375 2
0 0.4734375 0.16953125 0.16328125 0.1453125 0.5125 0.1401784375 2 0.4026784375 0.23035718749999998 2
0 0.54140625 0.08515625 0.1390625 0.16953125 0.558035625 0.1553571875 2 0.5151784375 0 2
0 0.621875 0.07578125 0.2 0.1515625 0.5464284375 0.0635715625 2 0.714285625 0.0876784375 2
0 0.80078125 0.08125 0.17734375 0.15 0.7276784375 0.11000000000000001 2 0.85625 0.029642812499999997 2
0 0.83203125 0.2671875 0.1140625 0.2125 0.8241071874999999 0.18321437499999998 2 0.8464284375 0.3510715625 2
0 0.9265625 0.33125 0.14609375 0.1265625 0.8713234375000001 0.3363971875 2 1 0.301470625 2
0 0.959375 0.2671875 0.08125 0.08671875 0.9512868750000001 0.29044125 2 0.9581440625000001 0.265005 0
0 0.73671875 0.3578125 0.16875 0.14765625 0.6696428125 0.3375 2 0.8142856249999999 0.4178571875 2
0 0.63046875 0.3765625 0.1765625 0.0890625 0.560714375 0.38125 2 0.7035715625 0.373214375 2
0 0.915625 0.1328125 0.16875 0.146875 0.858035625 0.083035625 2 1 0.201785625 2
0 0.9640625 0.0484375 0.07109375 0.09609375 0.9558825000000001 0.0395221875 2 0.9632034375 0.0455359375 0
0 0.41953125 0.9 0.13984375 0.2 0.43839281249999995 0.8458928125 2 0.3946428125 1 2