0 0.81953125 0.09921875 0.20625 0.1859375 0.9383928125000001 0.8946165625000001 2 0.8366071875 0.73747375 2
0 0.89765625 0.36015625 0.134375 0.2046875 0.7223215625 0.9008928125000001 2 0.5491071875 0.9044643750000001 2
0 0.76796875 0.35703125 0.125 0.19375 0.7080356250000001 0.785714375 2 0.5535715625 0.7366071875 2
0 0.77109375 0.49609375 0.11875 0.2015625 0.589285625 0.7964284375 2 0.4125 0.7446428125 2
0 0.7859375 0.67734375 0.1546875 0.18125 0.366964375 0.83125 2 0.2428571875 0.7491071875 2
0 0.6765625 0.80703125 0.1375 0.1875 0.26517843750000003 0.6946428124999999 2 0.11696437500000001 0.658035625 2
0 0.94140625 0.08046875 0.1171875 0.1609375 0.9172078125 0.9190040625 0 0.88143375 0.890625 2
0 0.9703125 0.18203125 0.059375 0.16875 0.8157465625 0.95887875 0 0.745404375 0.973345625 2
0 0.97265625 0.5625 0.0546875 0.1625 0.43503781249999995 0.9616203125 0 0.3740809375 0.9549631249999999 2
0 0.91484375 0.68359375 0.10625 0.18125 0.3946428125 0.936964375 2 0.239285625 0.8985715624999999 2
0 0.8453125 0.74609375 0.125 0.1796875 0.32857156249999997 0.8878571875000001 2 0.1776784375 0.824464375 2
0 0.95703125 0.9234375 0.084375 0.153125 0.13694843750000002 1 2 0.0740259375 0.9549503125 0
0 0.97109375 0.74375 0.0578125 0.2078125 0.253463125 0.9597512500000001 0 0.160845625 0.99080875 2
0 0.703125 0.96015625 0.13125 0.0796875 0.0386028125 0.7352940625 2 0.038528125 0.6994146875 0
0 0.6640625 0.51171875 0.115625 0.1875 0.560714375 0.6932143749999999 2 0.4151784375 0.63875 2
0 0.62109375 0.64765625 0.1375 0.18125 0.42232156249999997 0.6271428125 2 0.279464375 0.6405356249999999 2
0 0.6109375 0.1421875 0.146875 0.184375 0.923214375 0.645 2 0.775 0.565535625 2
0 0.4515625 0.60234375 0.1328125 0.20625 0.46785718750000005 0.46017843750000004 2 0.3 0.4708928125 2
0 0.49296875 0.496875 0.1359375 0.209375 0.5741071875 0.49232156250000003 2 0.4116071875 0.5325 2
0 0.6046875 0.30703125 0.1375 0.175 0.7535715625 0.5780356249999999 2 0.6160715625 0.6575 2
0 0.56484375 0.3859375 0.109375 0.184375 0.691964375 0.5825 2 0.539285625 0.5575 2
0 0.5 0.27890625 0.11875 0.146875 0.7803571875 0.5271428125 2 0.65 0.4503571875 2
0 0.53125 0.12578125 0.1671875 0.1609375 0.9401784375 0.565535625 2 0.801785625 0.48250000000000004 2
0 0.471875 0.040625 0.1125 0.08125 0.9586040625000001 0.4504246875 0 0.9246325000000001 0.43474250000000003 2
0 0.4171875 0.26796875 0.15 0.15625 0.7946428125 0.4735715625 2 0.6651784375 0.37446437499999996 2
0 0.3828125 0.2015625 0.20625 0.18125 0.8383928125000001 0.43875000000000003 2 0.7375 0.30125 2
0 0.3140625 0.015625 0.075 0.03125 0.9839015625 0.2991840625 0 0.9742646875000001 0.3198528125 2
0 0.1734375 0.096875 0.134375 0.1828125 0.9866071875 0.185 2 0.8214284375 0.168035625 2
0 0.0890625 0.02265625 0.059375 0.04375 0.977001875 0.0770059375 0 0.9678309374999999 0.1020221875 2
0 0.18671875 0.38515625 0.1390625 0.225 0.7026784375 0.18571437500000001 2 0.5142856250000001 0.21339281250000003 2
0 0.03671875 0.365625 0.0734375 0.153125 0.632954375 0.022394375 0 0.5836396875000001 0.05330875 2
0 0.403125 0.92734375 0.184375 0.1453125 0.11607156249999999 0.35089281250000004 2 0.019642812500000002 0.47946437499999994 2
0 0.28515625 0.77421875 0.1296875 0.1875 0.3008928125 0.2991071875 2 0.14375 0.308035625 2
0 0.2328125 0.6484375 0.13125 0.2125 0.4276784375 0.2589284375 2 0.26517843750000003 0.226785625 2
0 0.33125 0.65078125 0.1125 0.15625 0.4098215625 0.30625 2 0.2821428125 0.36785718749999996 2
0 0.14921875 0.59921875 0.13125 0.2140625 0.466964375 0.148214375 2 0.3035715625 0.170535625 2
0 0.11796875 0.8265625 0.121875 0.1734375 0.24464281250000003 0.1428571875 2 0.09642843749999999 0.1089284375 2
0 0.04609375 0.84375 0.0921875 0.16875 0.21415437499999998 0.0753675 2 0.154599375 0.0438490625 0
0 0.07421875 0.68515625 0.1421875 0.19375 0.38035718749999997 0.13125 2 0.2348215625 0.016964375 2
0 0.09296875 0.95859375 0.096875 0.0828125 0.0726103125 0.1222425 2 0.039826875 0.09015218750000001 0
0 0.02578125 0.95625 0.05 0.0875 0.078125 0.0303309375 2 0.042424375 0.0240328125 0
0 0.19375 0.871875 0.1125 0.209375 0.21607156249999998 0.23214281250000002 2 0.054464374999999995 0.1660715625 2
0 0.23828125 0.88984375 0.078125 0.19375 0.18571437500000001 0.2589284375 2 0.027678437500000003 0.2196428125 2
0 0.33671875 0.5484375 0.075 0.175 0.5125 0.33125 1 0.3848215625 0.3633928125 2
0 0.35390625 0.49921875 0.175 0.125 0.5303571875 0.2928571875 2 0.466964375 0.42678562500000006 2
0 0.3140625 0.97109375 0.10625 0.05625 0.0413603125 0.3272059375 2 0.027705625 0.311309375 0