0 0.8890625 0.51484375 0.1234375 0.203125 0.446170625 0.112736875 2 0.6038109375 0.12611250000000002 2
0 0.95859375 0.35703125 0.0828125 0.08125 0.3561025 0.058001875 0 0.3649615625 0.06305625000000001 2
0 0.9734375 0.47890625 0.053125 0.06875 0.477611875 0.037334374999999996 0 0.46623374999999995 0.04777 2
0 0.6171875 0.19609375 0.1859375 0.1375 0.23311687499999997 0.3343890625 2 0.1433096875 0.46336750000000004 2
0 0.440625 0.0796875 0.1328125 0.159375 0.12706781250000002 0.54457625 2 0.0817009375 0.5630740624999999 0
0 0.24296875 0.146875 0.153125 0.23125 0.0659225 0.7738715625 2 0.2531803125 0.733745 2
0 0.165625 0.05703125 0.10625 0.1140625 0.0898071875 0.7958459375 2 0.0590609375 0.8374853124999999 0
0 0.103125 0.4921875 0.15 0.2140625 0.5713275 0.861768125 2 0.41082093750000004 0.9257799999999999 2
0 0.06171875 0.63046875 0.1125 0.1625 0.5608181250000001 0.9802375 2 0.702216875 0.8971178125 2
0 0.2453125 0.61796875 0.2 0.115625 0.61049875 0.828329375 2 0.623874375 0.665911875 2
0 0.18671875 0.73828125 0.2 0.153125 0.7528528125 0.8961625 2 0.7280125 0.726101875 2
0 0.1546875 0.928125 0.20625 0.14375 0.8885193749999999 0.8034890625 2 0.92632875 0.8393428125 0
0 0.0390625 0.9328125 0.078125 0.128125 0.9381999999999999 0.954441875 2 0.8999840625 0.9678171875 0
0 0.021875 0.7609375 0.04375 0.1625 0.758990625 0.9702090625 0 0.699350625 0.9945684375000001 2
0 0.54921875 0.315625 0.153125 0.140625 0.2894853125 0.503494375 2 0.36973875 0.3859803125 2
0 0.45859375 0.32265625 0.171875 0.1625 0.3764265625 0.5092265625 2 0.28566375 0.5751490625 2
0 0.4640625 0.39765625 0.1703125 0.1234375 0.37738187500000003 0.59807875 2 0.44521499999999997 0.4624121875 2
0 0.59375 0.51953125 0.13125 0.175 0.5722828125 0.3601846875 2 0.44234875 0.44999218750000003 2
0 0.5265625 0.9796875 0.059375 0.040625 0.97948375 0.46215968749999997 0 0.9735496875 0.49107406249999996 2