0 0.8421875 0.3796875 0.190625 0.128125 0 0 0 0 0 0
0 0.89921875 0.559375 0.1359375 0.184375 0 0 0 0 0 0
0 0.71953125 0.6265625 0.1125 0.171875 0 0 0 0 0 0
0 0.809375 0.696875 0.190625 0.146875 0 0 0 0 0 0
0 0.86328125 0.95625 0.1390625 0.0875 0 0 0 0 0 0
0 0.6125 0.84609375 0.153125 0.134375 0 0 0 0 0 0
0 0.4859375 0.81640625 0.1875 0.134375 0 0 0 0 0 0
0 0.13125 0.87421875 0.1984375 0.146875 0 0 0 0 0 0
0 0.08828125 0.959375 0.121875 0.08125 0 0 0 0 0 0
0 0.03984375 0.7125 0.0796875 0.1296875 0 0 0 0 0 0
0 0.18203125 0.54375 0.196875 0.134375 0 0 0 0 0 0
0 0.153125 0.43046875 0.196875 0.15625 0 0 0 0 0 0
0 0.0296875 0.4 0.059375 0.1109375 0 0 0 0 0 0
0 0.0375 0.30078125 0.075 0.1140625 0 0 0 0 0 0
0 0.09140625 0.2265625 0.1828125 0.153125 0 0 0 0 0 0
0 0.209375 0.21796875 0.18125 0.16875 0 0 0 0 0 0
0 0.01953125 0.06328125 0.0390625 0.096875 0 0 0 0 0 0
0 0.24140625 0.08515625 0.140625 0.13125 0 0 0 0 0 0
0 0.27734375 0.06953125 0.1453125 0.1375 0 0 0 0 0 0
0 0.3671875 0.07890625 0.1703125 0.14375 0 0 0 0 0 0
0 0.4984375 0.046875 0.121875 0.09375 0 0 0 0 0 0
0 0.5921875 0.04453125 0.084375 0.0890625 0 0 0 0 0 0
0 0.9421875 0.04609375 0.115625 0.0921875 0 0 0 0 0 0
0 0.9828125 0.2171875 0.034375 0.059375 0 0 0 0 0 0
0 0.54765625 0.55 0.1109375 0.1734375 0 0 0 0 0 0
0 0.4828125 0.4125 0.20625 0.103125 0 0 0 0 0 0
0 0.5078125 0.3515625 0.21875 0.09375 0 0 0 0 0 0
0 0.6109375 0.29765625 0.209375 0.140625 0 0 0 0 0 0
0 0.63125 0.22421875 0.134375 0.1921875 0 0 0 0 0 0
0 0.4890625 0.203125 0.1765625 0.128125 0 0 0 0 0 0
0 0.496875 0.66171875 0.196875 0.121875 0 0 0 0 0 0