0 0.04140625 0.46796875 0.0828125 0.134375 0 0 0 0 0 0
0 0.14296875 0.95078125 0.1546875 0.0984375 0 0 0 0 0 0
0 0.60078125 0.4703125 0.1390625 0.1828125 0 0 0 0 0 0
0 0.76796875 0.75234375 0.13125 0.1671875 0 0 0 0 0 0
0 0.8734375 0.7796875 0.1703125 0.1625 0 0 0 0 0 0
0 0.80546875 0.5796875 0.1609375 0.14375 0 0 0 0 0 0
0 0.79609375 0.35 0.1625 0.1125 0 0 0 0 0 0
0 0.3921875 0.23359375 0.1265625 0.19375 0 0 0 0 0 0
0 0.30546875 0.1296875 0.109375 0.18125 0 0 0 0 0 0
0 0.42109375 0.0921875 0.15625 0.184375 0 0 0 0 0 0
0 0.52265625 0.3140625 0.1125 0.178125 0 0 0 0 0 0
0 0.5734375 0.2515625 0.190625 0.1359375 0 0 0 0 0 0
0 0.56015625 0.1203125 0.1421875 0.171875 0 0 0 0 0 0
0 0.5984375 0.0890625 0.15 0.1125 0 0 0 0 0 0
0 0.85546875 0.14453125 0.19375 0.1453125 0 0 0 0 0 0
0 0.76796875 0.2234375 0.1296875 0.20625 0 0 0 0 0 0
0 0.6859375 0.11015625 0.090625 0.1453125 0 0 0 0 0 0
0 0.959375 0.35859375 0.08125 0.1515625 0 0 0 0 0 0
0 0.93984375 0.53125 0.11875 0.165625 0 0 0 0 0 0
0 0.82578125 0.025 0.0796875 0.05 0 0 0 0 0 0
0 0.91484375 0.03828125 0.0984375 0.075 0 0 0 0 0 0