0 0.28984375 0.45078125 0.17734375 0.15546875 0.3473215625 0.5 2 0.210714375 0.38214281250000004 2
0 0.4953125 0.68515625 0.14296875 0.19296875 0.5205356250000001 0.6008928124999999 2 0.451785625 0.7758928125 2
0 0.39609375 0.80234375 0.1640625 0.1296875 0.43839281249999995 0.8553571874999999 2 0.320535625 0.745535625 2
0 0.25859375 0.5453125 0.16171875 0.15234375 0.1883928125 0.535714375 2 0.30714281250000003 0.6125 2
0 0.81484375 0.69921875 0.17109375 0.13828125 0.748214375 0.683035625 2 0.885714375 0.7473215625 2
0 0.70859375 0.87265625 0.1265625 0.1765625 0.685714375 0.79375 2 0.710714375 0.9535715625 2
0 0.58671875 0.94921875 0.1828125 0.1015625 0.664285625 0.9955356249999999 2 0.501785625 0.91875 2
0 0.93203125 0.1078125 0.1359375 0.14765625 0.88419125 0.1222425 2 0.9299375 0.1034971875 0
0 0.0484375 0.02890625 0.09609375 0.05703125 0.0467534375 0.017268125000000002 0 0.0467534375 0.026984374999999998 0
0 0.05234375 0.7609375 0.1046875 0.16875 0.06617656250000001 0.7867646875000001 2 0.050649374999999996 0.7564731250000001 0
0 0.240625 0.88828125 0.21171875 0.1265625 0.15892843750000002 0.8785715625 2 0.33660718749999996 0.9276784375 2
0 0.96171875 0.2296875 0.0765625 0.09453125 0.953125 0.2306984375 2 0.9742646875000001 0.236213125 0
0 0.0453125 0.87265625 0.08984375 0.17890625 0.0431984375 0.9237131249999999 2 0.043723125 0.8673612500000001 0
0 0.95234375 0.746875 0.09453125 0.15234375 0.942095625 0.714154375 2 0.9512443749999999 0.7426340625 0
0 0.184375 0.90859375 0.17578125 0.1015625 0.24553562499999998 0.9491071874999999 2 0.1098215625 0.8660715625 2
0 0.246875 0.97109375 0.1296875 0.0578125 0.21231624999999998 0.9604778125 2 0.244926875 0.96937 0
0 0.1671875 0.97734375 0.103125 0.0453125 0.1433825 0.97518375 2 0.1657196875 0.976230625 0
0 0.98359375 0.98125 0.03203125 0.0375 0.983428125 0.97370375 0 0.983428125 0.98011125 0