0 0.36015625 0.22890625 0.1546875 0.146875 0 0 0 0 0 0
0 0.553125 0.38828125 0.2078125 0.13125 0 0 0 0 0 0
0 0.53828125 0.4703125 0.1875 0.13125 0 0 0 0 0 0
0 0.4984375 0.65703125 0.18125 0.171875 0 0 0 0 0 0
0 0.08515625 0.4421875 0.140625 0.2296875 0 0 0 0 0 0
0 0.19140625 0.7921875 0.184375 0.15 0 0 0 0 0 0
0 0.09765625 0.84921875 0.19375 0.15 0 0 0 0 0 0
0 0.48046875 0.90546875 0.21875 0.171875 0 0 0 0 0 0
0 0.66953125 0.13671875 0.18125 0.1125 0 0 0 0 0 0
0 0.79140625 0.11640625 0.146875 0.184375 0 0 0 0 0 0
0 0.628125 0.0515625 0.10625 0.103125 0 0 0 0 0 0
0 0.37578125 0.0453125 0.10625 0.0890625 0 0 0 0 0 0
0 0.93046875 0.13125 0.1375 0.128125 0 0 0 0 0 0
0 0.8953125 0.0421875 0.175 0.084375 0 0 0 0 0 0
0 0.94296875 0.4078125 0.1125 0.15 0 0 0 0 0 0
0 0.9453125 0.70703125 0.109375 0.128125 0 0 0 0 0 0