0 0.5015625 0.51484375 0.175 0.209375 0 0 0 0 0 0
0 0.48046875 0.3796875 0.15 0.1953125 0 0 0 0 0 0
0 0.6234375 0.2953125 0.175 0.165625 0 0 0 0 0 0
0 0.76328125 0.48828125 0.140625 0.184375 0 0 0 0 0 0
0 0.91796875 0.4453125 0.15625 0.1640625 0 0 0 0 0 0
0 0.9078125 0.10390625 0.184375 0.146875 0 0 0 0 0 0
0 0.81796875 0.05390625 0.1453125 0.10625 0 0 0 0 0 0
0 0.65625 0.0953125 0.153125 0.125 0 0 0 0 0 0
0 0.53828125 0.07578125 0.15 0.15 0 0 0 0 0 0
0 0.47265625 0.0734375 0.11875 0.146875 0 0 0 0 0 0
0 0.77734375 0.81953125 0.1234375 0.1953125 0 0 0 0 0 0
0 0.86328125 0.92265625 0.13125 0.1546875 0 0 0 0 0 0
0 0.5234375 0.82109375 0.14375 0.1796875 0 0 0 0 0 0
0 0.36328125 0.54765625 0.146875 0.165625 0 0 0 0 0 0
0 0.33984375 0.32578125 0.1375 0.2 0 0 0 0 0 0
0 0.3734375 0.1765625 0.0984375 0.190625 0 0 0 0 0 0
0 0.62109375 0.90859375 0.171875 0.1828125 0 0 0 0 0 0
0 0.96484375 0.9484375 0.0703125 0.103125 0 0 0 0 0 0
0 0.7828125 0.97734375 0.06875 0.04375 0 0 0 0 0 0
0 0.7140625 0.946875 0.103125 0.10625 0 0 0 0 0 0
0 0.56484375 0.96953125 0.1046875 0.0609375 0 0 0 0 0 0
0 0.43125 0.9796875 0.078125 0.040625 0 0 0 0 0 0
0 0.37109375 0.87421875 0.1703125 0.18125 0 0 0 0 0 0
0 0.31015625 0.67265625 0.178125 0.125 0 0 0 0 0 0
0 0.20703125 0.8234375 0.221875 0.1390625 0 0 0 0 0 0
0 0.209375 0.7078125 0.1421875 0.1765625 0 0 0 0 0 0
0 0.10234375 0.871875 0.2046875 0.1 0 0 0 0 0 0
0 0.29296875 0.95703125 0.1390625 0.0859375 0 0 0 0 0 0
0 0.13203125 0.96640625 0.203125 0.0671875 0 0 0 0 0 0
0 0.02890625 0.93515625 0.0578125 0.1296875 0 0 0 0 0 0
0 0.15078125 0.63046875 0.1234375 0.20625 0 0 0 0 0 0
0 0.06796875 0.64609375 0.1 0.1796875 0 0 0 0 0 0
0 0.06328125 0.51796875 0.121875 0.15 0 0 0 0 0 0
0 0.2015625 0.42265625 0.159375 0.115625 0 0 0 0 0 0
0 0.2578125 0.23515625 0.1234375 0.21875 0 0 0 0 0 0
0 0.12421875 0.39921875 0.1703125 0.178125 0 0 0 0 0 0
0 0.07265625 0.36328125 0.14375 0.1265625 0 0 0 0 0 0
0 0.15703125 0.19609375 0.1265625 0.153125 0 0 0 0 0 0
0 0.0609375 0.2875 0.121875 0.178125 0 0 0 0 0 0
0 0.08203125 0.18359375 0.1625 0.121875 0 0 0 0 0 0
0 0.0640625 0.08828125 0.128125 0.134375 0 0 0 0 0 0
0 0.08515625 0.02734375 0.1421875 0.0546875 0 0 0 0 0 0
0 0.94296875 0.028125 0.1125 0.05625 0 0 0 0 0 0
0 0.18515625 0.50546875 0.165625 0.0984375 0 0 0 0 0 0
0 0.25390625 0.57421875 0.128125 0.134375 0 0 0 0 0 0
0 0.371875 0.97265625 0.040625 0.0546875 0 0 0 0 0 0