0 0.21015625 0.15234375 0.15859375 0.16796875 0.1756578125 0.1038978125 2 0.2826375 0.230248125 2
0 0.1 0.26171875 0.184375 0.13359375 0.165091875 0.224525 2 0.014528125 0.29056187499999997 2
0 0.1453125 0.3578125 0.184375 0.18203125 0.19546875 0.3125740625 2 0.07396125 0.42747812500000004 2
0 0.0140625 0.41015625 0.028125 0.07734375 0.014514687500000002 0.4251953125 0 0.0228928125 0.421755 2
0 0.11171875 0.825 0.18671875 0.13828125 0.036980625 0.8320634374999999 2 0.198550625 0.7871584375 2
0 0.0359375 0.93359375 0.07109375 0.103125 0.0387415625 0.9231940625 2 0.019370937499999998 0.9425649999999999 0
0 0.3359375 0.98125 0.12578125 0.0375 0.333999375 0.9740528125000001 0 0.2813165625 0.98606125 2
0 0.50234375 0.96796875 0.184375 0.06328125 0.499745 0.9556203125 0 0.589488125 0.9795456250000001 2
0 0.5 0.9140625 0.22421875 0.1234375 0.5745199999999999 0.9099868750000001 2 0.3944596875 0.9033831250000001 2
0 0.80703125 0.95859375 0.1328125 0.0828125 0.795523125 0.9509296875000001 2 0.804955 0.9564431250000001 0
0 0.771875 0.87421875 0.15703125 0.203125 0.7805546875 0.8096109374999999 2 0.7651459375 0.970740625 2
0 0.878125 0.740625 0.12109375 0.1921875 0.8730062500000001 0.67577625 2 0.9064646875 0.8333840625000001 2
0 0.59375 0.7203125 0.16171875 0.1265625 0.53181625 0.7145178125 2 0.667851875 0.7321278125 2
0 0.5328125 0.10078125 0.1328125 0.2015625 0.55470875 0.025534374999999998 2 0.5181684375 0.1967896875 2
0 0.81640625 0.0375 0.16640625 0.07421875 0.8141334375 0.051918125 0 0.7581021875 0.0497478125 2
0 0.8375 0.09765625 0.203125 0.13671875 0.910426875 0.07572218750000001 2 0.7413728125 0.1272309375 2
0 0.90625 0.159375 0.1875 0.121875 0.8487928124999999 0.1554065625 2 0.903961875 0.163624375 0
0 0.9546875 0.240625 0.090625 0.10625 0.9534028125 0.26188875 0 0.9152696875 0.281756875 2
0 0.90078125 0.51640625 0.16484375 0.13203125 0.97646375 0.493955 2 0.8263403125 0.512005 2