0 0.4984375 0.48515625 0.175 0.209375 0 0 0 0 0 0
0 0.51953125 0.6203125 0.15 0.1953125 0 0 0 0 0 0
0 0.3765625 0.7046875 0.175 0.165625 0 0 0 0 0 0
0 0.23671875 0.51171875 0.140625 0.184375 0 0 0 0 0 0
0 0.08203125 0.5546875 0.15625 0.1640625 0 0 0 0 0 0
0 0.0921875 0.89609375 0.184375 0.146875 0 0 0 0 0 0
0 0.18203125 0.94609375 0.1453125 0.10625 0 0 0 0 0 0
0 0.34375 0.9046875 0.153125 0.1265625 0 0 0 0 0 0
0 0.46171875 0.92421875 0.15 0.15 0 0 0 0 0 0
0 0.52734375 0.9265625 0.11875 0.146875 0 0 0 0 0 0
0 0.22265625 0.18046875 0.1234375 0.1953125 0 0 0 0 0 0
0 0.13671875 0.07734375 0.13125 0.1546875 0 0 0 0 0 0
0 0.4765625 0.17890625 0.14375 0.1796875 0 0 0 0 0 0
0 0.63671875 0.45234375 0.146875 0.165625 0 0 0 0 0 0
0 0.66015625 0.67421875 0.1375 0.2 0 0 0 0 0 0
0 0.6265625 0.8234375 0.0984375 0.190625 0 0 0 0 0 0
0 0.37890625 0.09140625 0.171875 0.1828125 0 0 0 0 0 0
0 0.03515625 0.0515625 0.0703125 0.103125 0 0 0 0 0 0
0 0.2171875 0.02265625 0.06875 0.04375 0 0 0 0 0 0
0 0.2859375 0.053125 0.103125 0.10625 0 0 0 0 0 0
0 0.43515625 0.03046875 0.1046875 0.0609375 0 0 0 0 0 0
0 0.56875 0.0203125 0.078125 0.040625 0 0 0 0 0 0
0 0.62890625 0.12578125 0.1703125 0.18125 0 0 0 0 0 0
0 0.68984375 0.32734375 0.178125 0.125 0 0 0 0 0 0
0 0.79296875 0.1765625 0.221875 0.1375 0 0 0 0 0 0
0 0.790625 0.2921875 0.1421875 0.1765625 0 0 0 0 0 0
0 0.89765625 0.128125 0.2046875 0.1 0 0 0 0 0 0
0 0.70703125 0.04296875 0.1390625 0.0859375 0 0 0 0 0 0
0 0.86796875 0.03359375 0.203125 0.0671875 0 0 0 0 0 0
0 0.97109375 0.06484375 0.0578125 0.1296875 0 0 0 0 0 0
0 0.84921875 0.36953125 0.1234375 0.20625 0 0 0 0 0 0
0 0.93203125 0.35390625 0.1 0.18125 0 0 0 0 0 0
0 0.93671875 0.48203125 0.121875 0.15 0 0 0 0 0 0
0 0.7984375 0.57734375 0.159375 0.115625 0 0 0 0 0 0
0 0.7421875 0.76484375 0.1234375 0.21875 0 0 0 0 0 0
0 0.87578125 0.60078125 0.1703125 0.178125 0 0 0 0 0 0
0 0.92734375 0.63671875 0.14375 0.1265625 0 0 0 0 0 0
0 0.84296875 0.80390625 0.1265625 0.1546875 0 0 0 0 0 0
0 0.9390625 0.7125 0.121875 0.1796875 0 0 0 0 0 0
0 0.91796875 0.81640625 0.1625 0.1234375 0 0 0 0 0 0
0 0.9359375 0.91171875 0.128125 0.134375 0 0 0 0 0 0
0 0.91484375 0.97265625 0.1421875 0.0546875 0 0 0 0 0 0
0 0.05703125 0.971875 0.1125 0.05625 0 0 0 0 0 0
0 0.81484375 0.49453125 0.165625 0.0984375 0 0 0 0 0 0
0 0.74609375 0.42578125 0.128125 0.134375 0 0 0 0 0 0
0 0.628125 0.02734375 0.040625 0.0546875 0 0 0 0 0 0