0 0.28984375 0.3703125 0.19765625 0.13515625 0.22410718749999997 0.34375 2 0.379464375 0.3446428125 2
0 0.0734375 0.3859375 0.1125 0.1796875 0.0883928125 0.3151784375 2 0.0375 0.4616071875 2
0 0.16484375 0.0515625 0.0890625 0.103125 0.164285625 0.031298124999999996 0 0.1553309375 0.09375 2
0 0.6203125 0.17890625 0.14765625 0.1921875 0.6446428125 0.23660718749999998 2 0.5589284375 0.0883928125 2
0 0.74921875 0.096875 0.19140625 0.11484375 0.8178571874999999 0.07589281249999999 2 0.664285625 0.1098215625 2
0 0.55234375 0.47890625 0.16640625 0.12890625 0.4875 0.46428562500000004 2 0.6285715625 0.4901784375 2
0 0.47265625 0.62890625 0.13828125 0.1890625 0.43660718750000005 0.560714375 2 0.504464375 0.7044643749999999 2
0 0.25078125 0.8984375 0.1703125 0.20234375 0.2223215625 0.8339284375 2 0.31875 0.9946428125000001 2
0 0.06796875 0.871875 0.1359375 0.140625 0.06623375000000001 0.8450390625 0 0.125 0.8713234375000001 2
0 0.05859375 0.7421875 0.1171875 0.11875 0.057142812499999994 0.719190625 0 0.109375 0.7242646875000001 2
0 0.06328125 0.5921875 0.1265625 0.20625 0.040178437500000004 0.5196428125 2 0.0875 0.65625 2
0 0.66015625 0.721875 0.12734375 0.13671875 0.6080356250000001 0.7392856250000001 2 0.714285625 0.6678571875 2
0 0.7203125 0.78046875 0.225 0.14296875 0.80625 0.7473215625 2 0.626785625 0.7964284375 2
0 0.67890625 0.89296875 0.14140625 0.17109375 0.65625 0.8151784375 2 0.7053571875 0.9714284375 2
0 0.5375 0.96875 0.1359375 0.0625 0.576286875 0.9540440625000001 2 0.53544375 0.96698625 0
0 0.9515625 0.6671875 0.09609375 0.12734375 0.917279375 0.6746325 2 0.9503246875 0.6638903125 0