0 0.5390625 0.53671875 0.134375 0.19375 0 0 0 0 0 0
0 0.21953125 0.53671875 0.15625 0.253125 0 0 0 0 0 0
0 0.0625 0.4234375 0.125 0.0875 0 0 0 0 0 0
0 0.2515625 0.2546875 0.2109375 0.1375 0 0 0 0 0 0
0 0.53046875 0.1421875 0.153125 0.2125 0 0 0 0 0 0
0 0.40078125 0.0796875 0.2125 0.134375 0 0 0 0 0 0
0 0.959375 0.49609375 0.08125 0.2140625 0 0 0 0 0 0
0 0.97109375 0.76796875 0.05625 0.1203125 0 0 0 0 0 0
0 0.57265625 0.040625 0.1390625 0.08125 0 0 0 0 0 0
0 0.6890625 0.29453125 0.1921875 0.1375 0 0 0 0 0 0
0 0.72421875 0.4234375 0.15 0.2 0 0 0 0 0 0