0 0.18828125 0.4953125 0.1796875 0.16875 0 0 0 0 0 0
0 0.21640625 0.7609375 0.2125 0.1375 0 0 0 0 0 0
0 0.20859375 0.04765625 0.103125 0.0953125 0 0 0 0 0 0
0 0.034375 0.2171875 0.06875 0.1328125 0 0 0 0 0 0
0 0.35625 0.8953125 0.121875 0.209375 0 0 0 0 0 0
0 0.1046875 0.94140625 0.1875 0.1171875 0 0 0 0 0 0
0 0.0515625 0.8171875 0.103125 0.178125 0 0 0 0 0 0
0 0.6234375 0.703125 0.1359375 0.1828125 0 0 0 0 0 0
0 0.5703125 0.953125 0.19375 0.09375 0 0 0 0 0 0
0 0.61328125 0.90859375 0.1078125 0.1828125 0 0 0 0 0 0
0 0.34765625 0.96484375 0.128125 0.0703125 0 0 0 0 0 0
0 0.740625 0.5390625 0.146875 0.1375 0 0 0 0 0 0
0 0.75625 0.7 0.153125 0.153125 0 0 0 0 0 0
0 0.8546875 0.83515625 0.096875 0.15 0 0 0 0 0 0
0 0.92890625 0.5546875 0.13125 0.2171875 0 0 0 0 0 0
0 0.85625 0.31640625 0.115625 0.1875 0 0 0 0 0 0
0 0.66953125 0.41484375 0.13125 0.15 0 0 0 0 0 0
0 0.66640625 0.2171875 0.196875 0.1484375 0 0 0 0 0 0
0 0.78046875 0.27421875 0.1265625 0.1625 0 0 0 0 0 0
0 0.82265625 0.08515625 0.16875 0.1703125 0 0 0 0 0 0
0 0.7140625 0.03671875 0.20625 0.0734375 0 0 0 0 0 0
0 0.92109375 0.20234375 0.096875 0.178125 0 0 0 0 0 0
0 0.64609375 0.8171875 0.15625 0.165625 0 0 0 0 0 0
0 0.7578125 0.91484375 0.175 0.1703125 0 0 0 0 0 0
0 0.959375 0.2609375 0.08125 0.0953125 0 0 0 0 0 0
0 0.96640625 0.97734375 0.0671875 0.0453125 0 0 0 0 0 0
0 0.9734375 0.34140625 0.053125 0.0921875 0 0 0 0 0 0