0 0.54140625 0.14609375 0.19921875 0.13125 0.6098215625 0.141964375 2 0.45 0.15357156249999998 2
0 0.8953125 0.2984375 0.17890625 0.18125 0.9571428125000001 0.33839281250000003 2 0.8142856249999999 0.241964375 2
0 0.5734375 0.31484375 0.13671875 0.1546875 0.6178571875000001 0.370535625 2 0.5151784375 0.2491071875 2
0 0.31953125 0.32421875 0.16171875 0.1390625 0.3866071875 0.3571428125 2 0.2428571875 0.2633928125 2
0 0.484375 0.38984375 0.18125 0.14921875 0.5419643749999999 0.4089284375 2 0.40535718750000005 0.33660718749999996 2
0 0.721875 0.38828125 0.17578125 0.11171875 0.6383928125 0.35982156249999997 2 0.7883928124999999 0.423214375 2
0 0.82265625 0.48828125 0.15625 0.1625 0.7758928125 0.4276784375 2 0.8660715625 0.560714375 2
0 0.92734375 0.46171875 0.14453125 0.1421875 0.8667278125 0.448529375 2 0.925486875 0.45811 0
0 0.76484375 0.59609375 0.1609375 0.14140625 0.6982143749999999 0.5473215625 2 0.8258928125 0.6508928125 2
0 0.68203125 0.47890625 0.1640625 0.12578125 0.7321428125 0.4946428125 2 0.6080356250000001 0.44821437499999994 2
0 0.60859375 0.5734375 0.15390625 0.1890625 0.6 0.6348215625 1 0.6491071875000001 0.49375 2
0 0.60625 0.71171875 0.1359375 0.2 0.6008928124999999 0.6375 1 0.5910715625 0.801785625 2
0 0.425 0.52890625 0.12109375 0.19140625 0.439285625 0.58125 2 0.40625 0.439285625 2
0 0.31875 0.53671875 0.0984375 0.1734375 0.3133928125 0.6026784375 2 0.335714375 0.4571428125 2
0 0.1953125 0.5296875 0.1546875 0.1828125 0.1285715625 0.6026784375 2 0.225 0.45089281249999996 2
0 0.0625 0.16328125 0.1140625 0.2 0.0535715625 0.09375 2 0.0589284375 0.24732156249999998 2
0 0.2578125 0.10546875 0.15625 0.11484375 0.325 0.10357156249999999 2 0.1866071875 0.1285715625 2
0 0.39609375 0.0484375 0.1859375 0.096875 0.46785718750000005 0.0089284375 2 0.3151784375 0.0848215625 2
0 0.8078125 0.86640625 0.12890625 0.1859375 0.7660715625 0.9241071875 2 0.8473215625 0.7821428125 2
0 0.69453125 0.91484375 0.11640625 0.1703125 0.6928840625 0.8809984375000001 0 0.6801471875 0.8363971875 2
0 0.503125 0.8640625 0.18671875 0.16796875 0.43841906249999996 0.8134190625000001 2 0.5830356250000001 0.9330356249999999 2
0 0.3890625 0.94921875 0.13203125 0.1015625 0.3446690625 0.910845625 2 0.3872834375 0.9462796875 0
0 0.35 0.88046875 0.16640625 0.1890625 0.39910718749999996 0.8223215625 2 0.285714375 0.93125 2
0 0.12109375 0.825 0.16484375 0.17890625 0.050892812499999995 0.7741071875000001 2 0.1785715625 0.8910715625 2
0 0.25078125 0.95546875 0.16796875 0.08828125 0.1819853125 0.94393375 2 0.248349375 0.955233125 0
0 0.10703125 0.94765625 0.1734375 0.1046875 0.16875 0.954464375 2 0.027678437500000003 0.9348215625 2
0 0.04140625 0.8296875 0.08203125 0.1640625 0.039826875 0.7969668750000001 0 0.0349265625 0.9044118750000001 2
0 0.04140625 0.68984375 0.08203125 0.08671875 0.039826875 0.6726003125 0 0.07444843749999999 0.704963125 2
0 0.0453125 0.58671875 0.090625 0.1171875 0.0441559375 0.5639165625 0 0.079963125 0.6277575 2
0 0.31171875 0.71328125 0.09921875 0.1625 0.28660718749999997 0.7723215625 2 0.345535625 0.6473215625 2
0 0.3734375 0.72578125 0.1015625 0.16953125 0.35 0.8035715625 2 0.395535625 0.6535715625 2
0 0.49140625 0.67578125 0.16875 0.0921875 0.4258928125 0.675 2 0.5589284375 0.6901784375 2
0 0.478125 0.76796875 0.12265625 0.1625 0.4428571875 0.6982143749999999 2 0.5008928125 0.8348215625 2
0 0.25390625 0.6890625 0.0734375 0.18125 0.24732156249999998 0.7616071875 2 0.24732156249999998 0.6107143749999999 2
0 0.21953125 0.6703125 0.16796875 0.11796875 0.28125 0.6660715625 1 0.1401784375 0.6625 2
0 0.48515625 0.96875 0.1046875 0.0625 0.4604778125 0.9632353124999999 2 0.48368500000000003 0.9670137499999999 0
0 0.63671875 0.98125 0.0828125 0.0375 0.6479778125 0.9825368750000001 2 0.6259190625 0.988970625 0
0 0.296875 0.0296875 0.153125 0.059375 0.295454375 0.0180775 0 0.236213125 0.014705937499999999 2