0 0.6375 0.2203125 0.1234375 0.23125 0 0 0 0 0 0
0 0.58515625 0.4171875 0.18125 0.16875 0 0 0 0 0 0
0 0.3953125 0.45859375 0.15 0.1765625 0 0 0 0 0 0
0 0.50234375 0.58828125 0.14375 0.19375 0 0 0 0 0 0
0 0.38125 0.6046875 0.1265625 0.178125 0 0 0 0 0 0
0 0.153125 0.68125 0.1453125 0.19375 0 0 0 0 0 0
0 0.3328125 0.8203125 0.15625 0.1765625 0 0 0 0 0 0
0 0.1421875 0.8546875 0.11875 0.175 0 0 0 0 0 0
0 0.240625 0.83828125 0.16875 0.115625 0 0 0 0 0 0
0 0.14765625 0.95859375 0.20625 0.08125 0 0 0 0 0 0
0 0.36171875 0.965625 0.15625 0.06875 0 0 0 0 0 0
0 0.79296875 0.8171875 0.20625 0.1421875 0 0 0 0 0 0
0 0.9578125 0.75390625 0.084375 0.1796875 0 0 0 0 0 0
0 0.75390625 0.62890625 0.184375 0.178125 0 0 0 0 0 0
0 0.6671875 0.70390625 0.1703125 0.1328125 0 0 0 0 0 0
0 0.925 0.425 0.13125 0.171875 0 0 0 0 0 0
0 0.92109375 0.3171875 0.15625 0.1359375 0 0 0 0 0 0
0 0.79921875 0.21875 0.1265625 0.165625 0 0 0 0 0 0
0 0.94765625 0.184375 0.1046875 0.171875 0 0 0 0 0 0
0 0.7953125 0.08359375 0.13125 0.1671875 0 0 0 0 0 0
0 0.8890625 0.11328125 0.165625 0.115625 0 0 0 0 0 0
0 0.9140625 0.0390625 0.10625 0.078125 0 0 0 0 0 0
0 0.0265625 0.821875 0.053125 0.159375 0 0 0 0 0 0
0 0.8734375 0.21875 0.0625 0.115625 0 0 0 0 0 0
0 0.95546875 0.98515625 0.0890625 0.0296875 0 0 0 0 0 0