0 0.92890625 0.75234375 0.11875 0.1546875 0 0 0 0 0 0
0 0.89296875 0.33046875 0.1609375 0.203125 0 0 0 0 0 0
0 0.8078125 0.46640625 0.175 0.1125 0 0 0 0 0 0
0 0.65859375 0.46484375 0.153125 0.125 0 0 0 0 0 0
0 0.60546875 0.25234375 0.096875 0.14375 0 0 0 0 0 0
0 0.53046875 0.41640625 0.1734375 0.14375 0 0 0 0 0 0
0 0.56796875 0.53671875 0.1328125 0.1890625 0 0 0 0 0 0
0 0.5484375 0.67109375 0.2015625 0.1296875 0 0 0 0 0 0
0 0.47578125 0.6359375 0.115625 0.1796875 0 0 0 0 0 0
0 0.40625 0.5234375 0.071875 0.153125 0 0 0 0 0 0
0 0.3515625 0.671875 0.1375 0.203125 0 0 0 0 0 0
0 0.76328125 0.84765625 0.13125 0.1796875 0 0 0 0 0 0
0 0.6578125 0.86875 0.09375 0.171875 0 0 0 0 0 0
0 0.5234375 0.8546875 0.2 0.115625 0 0 0 0 0 0
0 0.4703125 0.903125 0.11875 0.190625 0 0 0 0 0 0
0 0.30390625 0.3859375 0.20625 0.1421875 0 0 0 0 0 0
0 0.265625 0.62890625 0.0796875 0.175 0 0 0 0 0 0
0 0.19765625 0.76796875 0.1625 0.175 0 0 0 0 0 0
0 0.16328125 0.6703125 0.1671875 0.1875 0 0 0 0 0 0
0 0.21484375 0.4859375 0.184375 0.121875 0 0 0 0 0 0
0 0.11484375 0.478125 0.125 0.115625 0 0 0 0 0 0
0 0.2140625 0.3328125 0.1671875 0.084375 0 0 0 0 0 0
0 0.2359375 0.25625 0.15625 0.11875 0 0 0 0 0 0
0 0.30625 0.08515625 0.18125 0.13125 0 0 0 0 0 0
0 0.4234375 0.16796875 0.1671875 0.13125 0 0 0 0 0 0
0 0.50390625 0.10234375 0.221875 0.16875 0 0 0 0 0 0
0 0.06875 0.45078125 0.13125 0.1921875 0 0 0 0 0 0
0 0.0609375 0.13984375 0.115625 0.1703125 0 0 0 0 0 0
0 0.20234375 0.12265625 0.16875 0.153125 0 0 0 0 0 0
0 0.121875 0.23984375 0.196875 0.10625 0 0 0 0 0 0
0 0.10078125 0.89453125 0.1640625 0.0921875 0 0 0 0 0 0
0 0.065625 0.82890625 0.13125 0.0765625 0 0 0 0 0 0
0 0.96328125 0.8734375 0.0734375 0.196875 0 0 0 0 0 0
0 0.51484375 0.275 0.1375 0.196875 0 0 0 0 0 0
0 0.10078125 0.3171875 0.08125 0.153125 0 0 0 0 0 0
0 0.04296875 0.60078125 0.0859375 0.1453125 0 0 0 0 0 0
0 0.075 0.95703125 0.15 0.0859375 0 0 0 0 0 0
0 0.0453125 0.921875 0.090625 0.0765625 0 0 0 0 0 0
0 0.31015625 0.96015625 0.1078125 0.0796875 0 0 0 0 0 0
0 0.2921875 0.76640625 0.1171875 0.234375 0 0 0 0 0 0
0 0.4734375 0.2390625 0.1765625 0.0859375 0 0 0 0 0 0
0 0.1796875 0.03515625 0.1 0.06875 0 0 0 0 0 0
0 0.15234375 0.56953125 0.15 0.15625 0 0 0 0 0 0
0 0.2453125 0.88984375 0.11875 0.134375 0 0 0 0 0 0
0 0.62265625 0.9671875 0.0609375 0.065625 0 0 0 0 0 0
0 0.43203125 0.98046875 0.0671875 0.0390625 0 0 0 0 0 0
0 0.2125 0.959375 0.103125 0.08125 0 0 0 0 0 0
0 0.0296875 0.73046875 0.059375 0.153125 0 0 0 0 0 0
0 0.0296875 0.30234375 0.059375 0.1578125 0 0 0 0 0 0
0 0.0703125 0.025 0.1375 0.05 0 0 0 0 0 0
0 0.67109375 0.0625 0.1796875 0.125 0 0 0 0 0 0
0 0.546875 0.0359375 0.0546875 0.071875 0 0 0 0 0 0