0 0.63984375 0.2703125 0.15 0.1765625 0 0 0 0 0 0
0 0.6 0.390625 0.178125 0.153125 0 0 0 0 0 0
0 0.65546875 0.496875 0.19375 0.1484375 0 0 0 0 0 0
0 0.928125 0.49453125 0.14375 0.1609375 0 0 0 0 0 0
0 0.8890625 0.2984375 0.15625 0.1421875 0 0 0 0 0 0
0 0.80234375 0.22265625 0.178125 0.14375 0 0 0 0 0 0
0 0.4546875 0.2203125 0.1703125 0.10625 0 0 0 0 0 0
0 0.5625 0.12265625 0.121875 0.175 0 0 0 0 0 0
0 0.46640625 0.12421875 0.1234375 0.128125 0 0 0 0 0 0
0 0.21015625 0.22265625 0.2109375 0.1390625 0 0 0 0 0 0
0 0.12734375 0.18046875 0.165625 0.184375 0 0 0 0 0 0
0 0.2453125 0.04375 0.2 0.0875 0 0 0 0 0 0
0 0.53515625 0.5359375 0.140625 0.1484375 0 0 0 0 0 0
0 0.459375 0.559375 0.1 0.1828125 0 0 0 0 0 0
0 0.425 0.50703125 0.09375 0.1421875 0 0 0 0 0 0
0 0.37734375 0.60703125 0.1625 0.115625 0 0 0 0 0 0
0 0.221875 0.590625 0.190625 0.10625 0 0 0 0 0 0
0 0.32890625 0.50234375 0.1640625 0.14375 0 0 0 0 0 0
0 0.08671875 0.478125 0.1734375 0.1078125 0 0 0 0 0 0
0 0.1421875 0.39453125 0.1921875 0.11875 0 0 0 0 0 0
0 0.2015625 0.31640625 0.184375 0.128125 0 0 0 0 0 0
0 0.78984375 0.64140625 0.178125 0.13125 0 0 0 0 0 0
0 0.9375 0.65625 0.125 0.1125 0 0 0 0 0 0
0 0.84921875 0.73984375 0.134375 0.178125 0 0 0 0 0 0
0 0.803125 0.86953125 0.1546875 0.1453125 0 0 0 0 0 0
0 0.9125 0.9265625 0.128125 0.146875 0 0 0 0 0 0
0 0.38125 0.92421875 0.1625 0.1515625 0 0 0 0 0 0
0 0.4359375 0.87265625 0.184375 0.125 0 0 0 0 0 0
0 0.296875 0.8 0.171875 0.1203125 0 0 0 0 0 0
0 0.12265625 0.93046875 0.15 0.1390625 0 0 0 0 0 0
0 0.19765625 0.9609375 0.1765625 0.078125 0 0 0 0 0 0
0 0.04609375 0.94296875 0.0921875 0.1125 0 0 0 0 0 0
0 0.1234375 0.8390625 0.1609375 0.15625 0 0 0 0 0 0
0 0.21484375 0.71171875 0.1578125 0.1203125 0 0 0 0 0 0
0 0.33359375 0.66953125 0.1796875 0.134375 0 0 0 0 0 0
0 0.94765625 0.75390625 0.103125 0.121875 0 0 0 0 0 0
0 0.9453125 0.825 0.109375 0.11875 0 0 0 0 0 0
0 0.60234375 0.91953125 0.153125 0.109375 0 0 0 0 0 0
0 0.6671875 0.8953125 0.19375 0.1265625 0 0 0 0 0 0
0 0.7125 0.7828125 0.071875 0.209375 0 0 0 0 0 0
0 0.53125 0.8171875 0.1453125 0.1875 0 0 0 0 0 0
0 0.85546875 0.1109375 0.153125 0.171875 0 0 0 0 0 0
0 0.94453125 0.16640625 0.1109375 0.125 0 0 0 0 0 0
0 0.653125 0.06640625 0.134375 0.13125 0 0 0 0 0 0
0 0.534375 0.03359375 0.140625 0.065625 0 0 0 0 0 0
0 0.646875 0.7921875 0.11875 0.146875 0 0 0 0 0 0
0 0.61171875 0.73828125 0.08125 0.153125 0 0 0 0 0 0
0 0.5625 0.68203125 0.0859375 0.184375 0 0 0 0 0 0
0 0.47578125 0.6953125 0.1578125 0.096875 0 0 0 0 0 0
0 0.4109375 0.76484375 0.16875 0.1125 0 0 0 0 0 0
0 0.93828125 0.07265625 0.1234375 0.1375 0 0 0 0 0 0
0 0.8109375 0.9625 0.0875 0.075 0 0 0 0 0 0
0 0.05390625 0.83046875 0.1078125 0.1109375 0 0 0 0 0 0
0 0.05 0.7609375 0.1 0.1796875 0 0 0 0 0 0
0 0.11171875 0.728125 0.0921875 0.1296875 0 0 0 0 0 0
0 0.52734375 0.9703125 0.1640625 0.059375 0 0 0 0 0 0
0 0.74609375 0.7859375 0.0828125 0.13125 0 0 0 0 0 0