0 0.87265625 0.1890625 0.22421875 0.1484375 0.7919643749999999 0.195535625 2 0.9741071874999999 0.1910715625 2
0 0.81484375 0.41171875 0.1953125 0.14375 0.7276784375 0.42232156249999997 2 0.9017856249999999 0.39107156249999997 2
0 0.925 0.5640625 0.14296875 0.1765625 0.9464284375 0.4928571875 2 0.89375 0.6383928125 2
0 0.96328125 0.6953125 0.0734375 0.16171875 0.9622834375 0.6615025 0 0.953125 0.75643375 2
0 0.48359375 0.90546875 0.20546875 0.1359375 0.5551471875 0.9181984375000001 2 0.3946428125 0.889285625 2
0 0.6109375 0.69921875 0.19296875 0.18125 0.5258928125 0.6616071875 2 0.664285625 0.7714284375 2
0 0.653125 0.5515625 0.18125 0.1984375 0.6008928124999999 0.508035625 2 0.7294643749999999 0.6160715625 2
0 0.27734375 0.609375 0.19296875 0.17734375 0.2196428125 0.5848215625 2 0.36071437500000003 0.6901784375 2
0 0.4609375 0.56640625 0.1859375 0.1140625 0.3883928125 0.5767856250000001 2 0.5410715625 0.5776784375 2
0 0.14609375 0.56796875 0.1359375 0.19140625 0.10267843750000001 0.5008928125 2 0.16339281249999998 0.6526784375 2
0 0.49921875 0.3515625 0.14140625 0.20859375 0.48928562500000006 0.2776784375 2 0.5339284375 0.43839281249999995 2
0 0.54296875 0.49453125 0.12421875 0.16015625 0.5589284375 0.4473215625 2 0.5035715625 0.5589284375 2
0 0.396875 0.3140625 0.1296875 0.19375 0.3883928125 0.2535715625 2 0.3875 0.404464375 2
0 0.17890625 0.22578125 0.14921875 0.18828125 0.198214375 0.15446437500000001 2 0.11875 0.30714281250000003 2
0 0.2546875 0.13984375 0.1515625 0.09140625 0.320535625 0.12142843750000001 2 0.20089281250000002 0.14375 2
0 0.35859375 0.05703125 0.17734375 0.1140625 0.2901784375 0.0071428125 2 0.41696437499999994 0.09642843749999999 2
0 0.2140625 0.04609375 0.1265625 0.0921875 0.21236468749999998 0.027790625000000003 0 0.1957721875 0.078125 2
0 0.06171875 0.0890625 0.1234375 0.125 0.0044643750000000005 0.1366071875 2 0.10714281249999999 0.0428571875 2
0 0.07421875 0.1765625 0.1484375 0.1125 0.13125 0.1428571875 2 0.016964375 0.2026784375 2
0 0.05078125 0.75078125 0.10078125 0.175 0.0505515625 0.682904375 2 0.048917812500000005 0.7460315625 0
0 0.36328125 0.93671875 0.1828125 0.1265625 0.31617656250000004 0.9255515624999999 2 0.36017343749999997 0.9330853125 0