0 0.55546875 0.315625 0.184375 0.121875 0 0 0 0 0 0
0 0.81328125 0.4171875 0.203125 0.1140625 0 0 0 0 0 0
0 0.640625 0.503125 0.171875 0.140625 0 0 0 0 0 0
0 0.6265625 0.61484375 0.1890625 0.125 0 0 0 0 0 0
0 0.3609375 0.58203125 0.171875 0.115625 0 0 0 0 0 0
0 0.45078125 0.68828125 0.1875 0.115625 0 0 0 0 0 0
0 0.49140625 0.7859375 0.1609375 0.11875 0 0 0 0 0 0
0 0.86640625 0.809375 0.1890625 0.1453125 0 0 0 0 0 0
0 0.9375 0.8953125 0.125 0.1203125 0 0 0 0 0 0
0 0.57890625 0.93046875 0.1875 0.090625 0 0 0 0 0 0
0 0.66015625 0.9609375 0.15 0.078125 0 0 0 0 0 0
0 0.34765625 0.30546875 0.1890625 0.165625 0 0 0 0 0 0
0 0.178125 0.340625 0.19375 0.15625 0 0 0 0 0 0
0 0.0515625 0.321875 0.103125 0.178125 0 0 0 0 0 0
0 0.5578125 0.065625 0.11875 0.13125 0 0 0 0 0 0
0 0.875 0.0515625 0.159375 0.103125 0 0 0 0 0 0
0 0.4171875 0.04609375 0.1390625 0.090625 0 0 0 0 0 0
0 0.16015625 0.03046875 0.0953125 0.0609375 0 0 0 0 0 0
0 0.23671875 0.08671875 0.203125 0.109375 0 0 0 0 0 0
0 0.33671875 0.1734375 0.1796875 0.109375 0 0 0 0 0 0
0 0.24140625 0.246875 0.171875 0.146875 0 0 0 0 0 0
0 0.85 0.2296875 0.11875 0.2046875 0 0 0 0 0 0
0 0.94609375 0.2078125 0.1078125 0.153125 0 0 0 0 0 0
0 0.92109375 0.42578125 0.115625 0.1375 0 0 0 0 0 0
0 0.975 0.44140625 0.05 0.0625 0 0 0 0 0 0
0 0.9796875 0.75078125 0.040625 0.046875 0 0 0 0 0 0
0 0.11953125 0.67109375 0.18125 0.1140625 0 0 0 0 0 0
0 0.11640625 0.93125 0.1625 0.1203125 0 0 0 0 0 0
0 0.228125 0.95625 0.153125 0.0875 0 0 0 0 0 0
0 0.33125 0.93671875 0.175 0.125 0 0 0 0 0 0
0 0.196875 0.8171875 0.09375 0.1625 0 0 0 0 0 0
0 0.2078125 0.80234375 0.1578125 0.10625 0 0 0 0 0 0
0 0.1453125 0.58046875 0.15625 0.10625 0 0 0 0 0 0
0 0.05390625 0.565625 0.1078125 0.0875 0 0 0 0 0 0
0 0.29765625 0.7125 0.0953125 0.1515625 0 0 0 0 0 0
0 0.346875 0.80703125 0.0875 0.1578125 0 0 0 0 0 0