0 0.31796875 0.16640625 0.18125 0.1640625 0.390084375 0.13936593749999998 2 0.23601156250000002 0.2058975 2
0 0.41015625 0.2703125 0.17421875 0.13203125 0.4643196875 0.2906375 2 0.329155625 0.22760750000000002 2
0 0.33515625 0.33828125 0.2 0.1203125 0.3984884375 0.3088459375 2 0.250018125 0.3585696875 2
0 0.18125 0.365625 0.17890625 0.13671875 0.2528196875 0.3361590625 2 0.10294875 0.424400625 2
0 0.25546875 0.43671875 0.15234375 0.1265625 0.299741875 0.400589375 2 0.189089375 0.4937334375 2
0 0.40234375 0.39296875 0.15703125 0.18046875 0.448211875 0.3522665625 2 0.3340578125 0.47342375 2
0 0.35390625 0.48828125 0.18359375 0.15234375 0.4194984375 0.46572031249999996 2 0.2661259375 0.5280496875 2
0 0.425 0.57265625 0.203125 0.13046875 0.5056390625 0.5532615625 2 0.3298559375 0.5966821875 2
0 0.534375 0.56953125 0.15546875 0.196875 0.5679684375 0.5021375 2 0.49443374999999995 0.65551 2
0 0.440625 0.6703125 0.2203125 0.08203125 0.5105415625 0.675119375 2 0.33896031249999997 0.654109375 2
0 0.45546875 0.73828125 0.18828125 0.11953125 0.511241875 0.70033125 2 0.3683740625 0.7899734375 2
0 0.63046875 0.7640625 0.1953125 0.1296875 0.5539618749999999 0.7381490625 2 0.722741875 0.752155625 2
0 0.528125 0.8703125 0.1953125 0.1421875 0.6008840625 0.8684106249999999 2 0.43630625 0.8705115625 2
0 0.4640625 0.9546875 0.1359375 0.090625 0.46226093749999997 0.93652 0 0.5280496875 0.920935625 2
0 0.02734375 0.9703125 0.05390625 0.059375 0.018208750000000003 0.9755612499999999 2 0.026145625 0.9686209375000001 0
0 0.05859375 0.8609375 0.1171875 0.1625 0.074235 0.8123840625 2 0.060610624999999994 0.8652203125 0
0 0.94453125 0.72109375 0.1109375 0.0890625 0.943395625 0.70458625 0 0.8978246875 0.7332468750000001 2
0 0.8140625 0.46875 0.13359375 0.234375 0.8053809375000001 0.3921853125 2 0.8081821874999999 0.5805746875 2
0 0.921875 0.37734375 0.15625 0.153125 0.8859190625 0.40549187499999995 2 0.919584375 0.38138875 0
0 0.740625 0.6015625 0.12578125 0.1234375 0.7115671875 0.6496346875000001 2 0.792775 0.55440125 2
0 0.64921875 0.64453125 0.1171875 0.1375 0.6926275000000001 0.591079375 2 0.60018375 0.704533125 2
0 0.68125 0.56953125 0.09296875 0.21328125 0.6919271874999999 0.482528125 2 0.6674156250000001 0.6709171875 2
0 0.6703125 0.41484375 0.21328125 0.17265625 0.722741875 0.474824375 2 0.5700696875 0.3361590625 2
0 0.621875 0.4296875 0.1125 0.1890625 0.6162915625000001 0.5042384375 2 0.6499071875 0.347364375 2
0 0.58046875 0.3546875 0.14921875 0.18359375 0.6162915625000001 0.287135625 2 0.5161440625 0.43630625 2
0 0.6609375 0.28203125 0.1 0.1734375 0.6695165624999999 0.3543675 2 0.659711875 0.20099499999999998 2
0 0.76484375 0.275 0.1046875 0.19765625 0.7563578125 0.19749343749999998 2 0.78507125 0.3641721875 2
0 0.84140625 0.23125 0.1515625 0.17265625 0.8046806249999999 0.1617765625 2 0.877515 0.31164749999999997 2
0 0.93359375 0.14296875 0.13203125 0.20859375 0.9622550000000001 0.075635625 2 0.9083293749999999 0.2409140625 2
0 0.875 0.13984375 0.1328125 0.1390625 0.8445993749999999 0.1708809375 2 0.934241875 0.07773687500000001 2
0 0.86484375 0.0625 0.12890625 0.125 0.878915625 0.0889421875 2 0.8629565625 0.0657921875 0
0 0.7078125 0.04453125 0.109375 0.0890625 0.704533125 0.0546259375 2 0.7100296875 0.04731125 0
0 0.70625 0.14609375 0.13203125 0.17890625 0.6947284375 0.0784371875 2 0.73744875 0.22830781249999998 2
0 0.64296875 0.17734375 0.13984375 0.1125 0.595981875 0.202395625 2 0.696829375 0.1568740625 2
0 0.54921875 0.2640625 0.14140625 0.17578125 0.5658675 0.19399187499999998 2 0.5028378124999999 0.3445628125 2
0 0.55703125 0.16875 0.13515625 0.1625 0.6022846875 0.10504968750000002 2 0.5000365625 0.241614375 2
0 0.58515625 0.06953125 0.1390625 0.13359375 0.5623659375 0.1211571875 2 0.6373012499999999 0.0049021875 2
0 0.4734375 0.04296875 0.1953125 0.08515625 0.470113125 0.05962125 0 0.38027968749999996 0.043420625000000004 2
0 0.340625 0.03984375 0.0859375 0.07890625 0.34201625 0.055223125 0 0.369775 0.07493531249999999 2
0 0.19140625 0.1453125 0.17890625 0.1203125 0.254920625 0.12395875 2 0.1064503125 0.16667875000000001 2
0 0.1640625 0.0640625 0.16015625 0.128125 0.21920375 0.0056025 2 0.114854375 0.1246590625 2
0 0.16484375 0.0203125 0.1515625 0.040625 0.16793093750000002 0.028833124999999998 0 0.2346109375 0.03431625 2
0 0.05390625 0.15546875 0.10703125 0.1171875 0.051824375 0.1302615625 2 0.051951875 0.1518746875 0
0 0.09921875 0.32890625 0.1875 0.1625 0.15617375 0.2801325 2 0.0126059375 0.39148499999999997 2
0 0.06484375 0.303125 0.12109375 0.13046875 0.08193875 0.25632125 2 0.010505 0.3627715625 2
0 0.0640625 0.23671875 0.12734375 0.1171875 0.10785093750000001 0.22550656249999998 2 0.0617990625 0.2338134375 0
0 0.9875 0.44609375 0.02421875 0.0734375 0.9881671875 0.4251009375 0 0.9853659374999999 0.4727234375 2