0 0.89296875 0.39765625 0.18125 0.1171875 0 0 0 0 0 0
0 0.95390625 0.540625 0.0921875 0.1296875 0 0 0 0 0 0
0 0.7625 0.65703125 0.18125 0.1125 0 0 0 0 0 0
0 0.63203125 0.61328125 0.1390625 0.1375 0 0 0 0 0 0
0 0.53203125 0.64609375 0.15625 0.121875 0 0 0 0 0 0
0 0.55 0.72421875 0.178125 0.121875 0 0 0 0 0 0
0 0.74453125 0.92734375 0.1421875 0.128125 0 0 0 0 0 0
0 0.90546875 0.96484375 0.08125 0.06875 0 0 0 0 0 0
0 0.57890625 0.94921875 0.14375 0.1015625 0 0 0 0 0 0
0 0.47578125 0.92734375 0.1375 0.14375 0 0 0 0 0 0
0 0.4078125 0.86015625 0.165625 0.175 0 0 0 0 0 0
0 0.09765625 0.8046875 0.1796875 0.14375 0 0 0 0 0 0
0 0.184375 0.89921875 0.134375 0.128125 0 0 0 0 0 0
0 0.05 0.5859375 0.1 0.1703125 0 0 0 0 0 0
0 0.26484375 0.4 0.1984375 0.121875 0 0 0 0 0 0
0 0.12890625 0.425 0.1265625 0.1546875 0 0 0 0 0 0
0 0.06875 0.35234375 0.1375 0.1859375 0 0 0 0 0 0
0 0.3265625 0.3234375 0.2015625 0.1125 0 0 0 0 0 0
0 0.415625 0.2 0.1453125 0.2 0 0 0 0 0 0
0 0.19453125 0.19453125 0.1875 0.1578125 0 0 0 0 0 0
0 0.1546875 0.0609375 0.178125 0.121875 0 0 0 0 0 0
0 0.0765625 0.16640625 0.1296875 0.2 0 0 0 0 0 0
0 0.0234375 0.15078125 0.046875 0.13125 0 0 0 0 0 0