0 0.2546875 0.6609375 0.1265625 0.1984375 0.75625 0.40178562500000004 2 0.7535715625 0.241964375 2
0 0.43125 0.6984375 0.1265625 0.1875 0.5660715625 0.3776784375 2 0.5848215625 0.2089284375 2
0 0.3875 0.57421875 0.19375 0.11875 0.5383928124999999 0.4401784375 2 0.6973215625 0.38125 2
0 0.41171875 0.87890625 0.159375 0.1578125 0.5482143749999999 0.148214375 2 0.6598215625 0.051785625 2
0 0.50234375 0.915625 0.13125 0.16875 0.48805156250000004 0.1240809375 2 0.520220625 0 2
0 0.5765625 0.97578125 0.090625 0.0484375 0.401654375 0.026654375 2 0.42272718749999993 0.023189375 0
0 0.84765625 0.9171875 0.1828125 0.1625 0.11160718750000001 0.0426784375 2 0.2339284375 0.154285625 2
0 0.97890625 0.84375 0.0421875 0.075 0.011029375 0.1534925 2 0.02205875 0.16544125 0
0 0.9421875 0.64375 0.115625 0.1125 0.055844375 0.33381781250000003 0 0.111213125 0.3336396875 2
0 0.83125 0.24609375 0.15 0.2265625 0.1741071875 0.8283928125 2 0.201785625 0.669464375 2
0 0.71953125 0.02890625 0.1375 0.0578125 0.2787065625 0.9595021875 0 0.3354778125 0.9503674999999999 2
0 0.05078125 0.10625 0.1015625 0.1890625 0.9430146875000001 0.9742646875000001 2 0.947565 0.8884921875 0