0 0.77265625 0.94921875 0.1046875 0.1 0 0 0 0 0 0
0 0.83203125 0.8421875 0.203125 0.1359375 0 0 0 0 0 0
0 0.771875 0.65078125 0.19375 0.1390625 0 0 0 0 0 0
0 0.97421875 0.80703125 0.0515625 0.103125 0 0 0 0 0 0
0 0.6046875 0.68125 0.196875 0.121875 0 0 0 0 0 0
0 0.60390625 0.84140625 0.18125 0.125 0 0 0 0 0 0
0 0.64296875 0.39765625 0.23125 0.153125 0 0 0 0 0 0
0 0.54765625 0.05 0.190625 0.1 0 0 0 0 0 0
0 0.31875 0.15234375 0.153125 0.1625 0 0 0 0 0 0
0 0.03828125 0.3765625 0.0765625 0.090625 0 0 0 0 0 0
0 0.1484375 0.56171875 0.1296875 0.16875 0 0 0 0 0 0
0 0.20625 0.734375 0.1828125 0.1203125 0 0 0 0 0 0