0 0.4796875 0.4484375 0.140625 0.165625 0.495404375 0.5523896875000001 2 0.373161875 0.4632353125 2
0 0.46640625 0.68515625 0.140625 0.1875 0.6102940625 0.5413603124999999 2 0.7738971875 0.482536875 2
0 0.65234375 0.6625 0.134375 0.1875 0.732536875 0.359375 2 0.5726103124999999 0.3069853125 2
0 0.7859375 0.86015625 0.146875 0.190625 0.807904375 0.1746325 2 0.9292278125 0.27757343749999996 2
0 0.8078125 0.97421875 0.0921875 0.0515625 0.9734849999999999 0.173914375 0 0.957720625 0.21875 2
0 0.25390625 0.85 0.1578125 0.203125 0.776654375 0.7619484375 2 0.9411765624999999 0.714154375 2
0 0.053125 0.44375 0.10625 0.1734375 0.5101103124999999 0.9255515624999999 2 0.44084218750000004 0.9437296875 0
0 0.13125 0.24921875 0.134375 0.165625 0.3069853125 0.84375 2 0.1709559375 0.9071690625000001 2
0 0.18671875 0.1234375 0.1296875 0.18125 0.1801471875 0.78125 2 0.04044125 0.8648896875000001 2
0 0.2671875 0.05859375 0.1140625 0.115625 0.091911875 0.754595625 2 0.0601325 0.7357025 0
0 0.396875 0.21640625 0.13125 0.2 0.1222425 0.61580875 2 0.2803309375 0.5597425 2
0 0.49609375 0.23359375 0.06875 0.19375 0.30882343749999996 0.501838125 2 0.1479778125 0.48345593750000004 2
0 0.50859375 0.0875 0.1515625 0.175 0.025735312500000003 0.529411875 2 0.1691175 0.42830874999999996 2
0 0.57109375 0.03984375 0.146875 0.078125 0.038324375 0.3998603125 0 0.0165440625 0.36305156250000004 2
0 0.88671875 0.03359375 0.1265625 0.0671875 0.0496325 0.0753675 2 0.034564375 0.1165746875 0
0 0.9515625 0.08046875 0.096875 0.1609375 0.125 0.052389687500000004 2 0 0.0009190625 2
0 0.97578125 0.3484375 0.0484375 0.1390625 0.3467021875 0.033992499999999995 0 0.29044125 0.0395221875 2
0 0.89375 0.39453125 0.153125 0.1125 0.390625 0.04044125 2 0.3409925 0.1792278125 2
0 0.96796875 0.4875 0.0625 0.1578125 0.42279406249999996 0.04044125 2 0.48473718750000006 0.03347125 0
0 0.92109375 0.5796875 0.109375 0.203125 0.6461396875000001 0.07169125 2 0.48529406249999996 0.089154375 2
0 0.75390625 0.4 0.134375 0.196875 0.332720625 0.2784925 2 0.486213125 0.20955875000000002 2
0 0.66484375 0.4671875 0.128125 0.1984375 0.546875 0.3180146875 2 0.373161875 0.2996325 2