0 0.14453125 0.38359375 0.1890625 0.11015625 0.2049271875 0.3677196875 2 0.05745625 0.401235625 2
0 0.084375 0.10234375 0.16875 0.1515625 0.129395625 0.0631728125 2 0.0819596875 0.10659531250000001 0
0 0.4984375 0.16171875 0.190625 0.14921875 0.54459375 0.201281875 2 0.42870437499999997 0.097155625 2
0 0.63125 0.0328125 0.121875 0.06484375 0.6333528125 0.04529875 0 0.669196875 0.0522809375 2
0 0.665625 0.340625 0.18671875 0.134375 0.593389375 0.321528125 2 0.7541534375000001 0.35028281250000004 2
0 0.7328125 0.553125 0.1859375 0.17265625 0.6827028125 0.49274843749999997 2 0.8003349999999999 0.6212725 2
0 0.7875 0.7203125 0.171875 0.165625 0.7985921874999999 0.646541875 2 0.7650453125000001 0.778986875 2
0 0.75078125 0.80546875 0.14140625 0.171875 0.734548125 0.7245275 2 0.7968496875 0.87222125 2
0 0.653125 0.9734375 0.15546875 0.053125 0.6505025 0.9631259375000001 0 0.5798834375 0.9663271874999999 2
0 0.56015625 0.87265625 0.253125 0.11875 0.48752031249999994 0.8513090625 2 0.6169159375 0.9279878125 2
0 0.50703125 0.81484375 0.2015625 0.10546875 0.44221000000000005 0.8020778125 2 0.5855471875 0.8465165625 2
0 0.44140625 0.93984375 0.18671875 0.1140625 0.4714003125 0.9014115625000001 2 0.4389490625 0.9429484374999999 0
0 0.38046875 0.8484375 0.1375 0.134375 0.35943187499999996 0.794235625 2 0.42086218750000004 0.9101250000000001 2
0 0.046875 0.90234375 0.09296875 0.17578125 0.05097406249999999 0.8613293750000001 2 0.0452046875 0.897829375 0
0 0.1859375 0.72890625 0.1640625 0.15390625 0.1272171875 0.6866237500000001 2 0.25704812499999996 0.7872646875 2
0 0.2921875 0.675 0.171875 0.21328125 0.2422353125 0.61386625 2 0.3664028125 0.7341125 2
0 0.0125 0.65546875 0.025 0.06484375 0.0128159375 0.6681321875 0 0.0157678125 0.631413125 2