0 0.85390625 0.6734375 0.1625 0.2125 0 0 0 0 0 0
0 0.925 0.36953125 0.15 0.175 0 0 0 0 0 0
0 0.80546875 0.11484375 0.15625 0.15625 0 0 0 0 0 0
0 0.63671875 0.2703125 0.11875 0.1828125 0 0 0 0 0 0
0 0.61171875 0.05234375 0.1546875 0.1046875 0 0 0 0 0 0
0 0.53203125 0.16015625 0.125 0.1890625 0 0 0 0 0 0
0 0.43359375 0.12265625 0.128125 0.2046875 0 0 0 0 0 0
0 0.43359375 0.36015625 0.2140625 0.159375 0 0 0 0 0 0
0 0.32421875 0.628125 0.18125 0.1953125 0 0 0 0 0 0
0 0.2984375 0.85703125 0.125 0.1796875 0 0 0 0 0 0
0 0.43671875 0.91015625 0.16875 0.1796875 0 0 0 0 0 0
0 0.19609375 0.67890625 0.1375 0.2046875 0 0 0 0 0 0
0 0.09140625 0.66796875 0.153125 0.14375 0 0 0 0 0 0
0 0.0546875 0.5328125 0.109375 0.1953125 0 0 0 0 0 0
0 0.06484375 0.29921875 0.1296875 0.1421875 0 0 0 0 0 0
0 0.8890625 0.9703125 0.1109375 0.059375 0 0 0 0 0 0
0 0.97109375 0.76796875 0.0578125 0.0734375 0 0 0 0 0 0