0 0.8109375 0.87265625 0.1484375 0.225 0 0 0 0 0 0
0 0.58828125 0.81484375 0.14375 0.1953125 0 0 0 0 0 0
0 0.4359375 0.925 0.1765625 0.14375 0 0 0 0 0 0
0 0.3046875 0.96328125 0.1625 0.0734375 0 0 0 0 0 0
0 0.09453125 0.48359375 0.1359375 0.20625 0 0 0 0 0 0
0 0.30078125 0.6109375 0.18125 0.19375 0 0 0 0 0 0
0 0.4484375 0.653125 0.1984375 0.18125 0 0 0 0 0 0
0 0.390625 0.27734375 0.178125 0.19375 0 0 0 0 0 0
0 0.43359375 0.4609375 0.1140625 0.1859375 0 0 0 0 0 0
0 0.43203125 0.14609375 0.190625 0.1359375 0 0 0 0 0 0
0 0.6484375 0.49921875 0.209375 0.140625 0 0 0 0 0 0
0 0.50546875 0.54296875 0.159375 0.125 0 0 0 0 0 0
0 0.6859375 0.396875 0.19375 0.1296875 0 0 0 0 0 0
0 0.77421875 0.17890625 0.1875 0.15 0 0 0 0 0 0
0 0.86015625 0.2546875 0.090625 0.1515625 0 0 0 0 0 0
0 0.94296875 0.35859375 0.1140625 0.178125 0 0 0 0 0 0
0 0.95390625 0.2140625 0.0921875 0.1265625 0 0 0 0 0 0
0 0.9109375 0.06171875 0.125 0.1234375 0 0 0 0 0 0
0 0.8234375 0.07421875 0.1125 0.1484375 0 0 0 0 0 0
0 0.24921875 0.05078125 0.175 0.1 0 0 0 0 0 0
0 0.06328125 0.36328125 0.1265625 0.1828125 0 0 0 0 0 0