0 0.7453125 0.3390625 0.12578125 0.1984375 0.75625 0.40178562500000004 2 0.7535715625 0.241964375 2
0 0.56875 0.3015625 0.1265625 0.1875 0.5660715625 0.3776784375 2 0.5848215625 0.2089284375 2
0 0.6125 0.42578125 0.19453125 0.11796875 0.5383928124999999 0.4401784375 2 0.6973215625 0.38125 2
0 0.58828125 0.12109375 0.15859375 0.1578125 0.5482143749999999 0.148214375 2 0.6598215625 0.051785625 2
0 0.49765625 0.084375 0.13125 0.16875 0.48805156250000004 0.1240809375 2 0.520220625 0 2
0 0.4234375 0.02421875 0.090625 0.0484375 0.401654375 0.026654375 2 0.42272718749999993 0.023189375 0
0 0.15234375 0.0828125 0.1828125 0.1625 0.11160718750000001 0.0426784375 2 0.2339284375 0.154285625 2
0 0.02109375 0.15625 0.0421875 0.075 0.011029375 0.1534925 2 0.02205875 0.16544125 0
0 0.0578125 0.35625 0.11484375 0.1125 0.055844375 0.33381781250000003 0 0.111213125 0.3336396875 2
0 0.16875 0.75390625 0.15 0.22578125 0.1741071875 0.8283928125 2 0.201785625 0.669464375 2
0 0.28046875 0.97109375 0.13828125 0.0578125 0.2787065625 0.9595021875 0 0.3354778125 0.9503674999999999 2
0 0.94921875 0.89375 0.1015625 0.1890625 0.9430146875000001 0.9742646875000001 2 0.947565 0.8884921875 0