0 0.36015625 0.22890625 0.1546875 0.14765625 0.3946428125 0.276785625 2 0.2928571875 0.16071437500000002 2
0 0.553125 0.38828125 0.2078125 0.13203125 0.6178571875000001 0.40535718750000005 2 0.4571428125 0.3616071875 2
0 0.53828125 0.4703125 0.1875 0.13203125 0.48214281249999996 0.45535718750000004 2 0.625 0.5 2
0 0.4984375 0.65703125 0.18046875 0.17265625 0.5446428125 0.6991071875 2 0.42410718750000004 0.5794643749999999 2
0 0.08515625 0.4421875 0.13984375 0.2296875 0.083035625 0.3758928125 2 0.0464284375 0.54375 2
0 0.19140625 0.7921875 0.18359375 0.15 0.1446428125 0.7330356250000001 2 0.2678571875 0.854464375 2
0 0.09765625 0.84921875 0.19453125 0.15 0.0348215625 0.8651784375 2 0.18125 0.7955356250000001 1
0 0.48046875 0.90546875 0.21796875 0.17109375 0.423214375 0.93125 2 0.58125 0.8419643750000001 2
0 0.66953125 0.13671875 0.18046875 0.11171875 0.7401784375 0.110714375 2 0.5910715625 0.1526784375 2
0 0.79140625 0.11640625 0.14609375 0.18359375 0.7526784375 0.045535625 2 0.8553571874999999 0.1964284375 2
0 0.628125 0.0515625 0.10625 0.10234375 0.626515 0.0310284375 0 0.626838125 0.09375 2
0 0.37578125 0.0453125 0.10625 0.0890625 0.3738365625 0.0278740625 0 0.3832721875 0.0808825 2
0 0.93046875 0.13125 0.13828125 0.128125 0.929626875 0.10207906250000001 0 0.8694853124999999 0.082720625 2
0 0.8953125 0.0421875 0.175 0.084375 0.8933440625 0.025632187499999997 0 0.9715075000000001 0.076286875 2
0 0.94296875 0.4078125 0.11328125 0.15 0.921875 0.390625 2 0.9415853125 0.4038690625 0
0 0.9453125 0.70703125 0.10859375 0.12734375 0.9136028125 0.7113971875 2 0.9438853125 0.70315 0