0 0.28984375 0.6296875 0.1984375 0.134375 0 0 0 0 0 0
0 0.0734375 0.6140625 0.1125 0.1796875 0 0 0 0 0 0
0 0.16484375 0.9484375 0.0890625 0.103125 0 0 0 0 0 0
0 0.6203125 0.82109375 0.1484375 0.1921875 0 0 0 0 0 0
0 0.74921875 0.903125 0.190625 0.115625 0 0 0 0 0 0
0 0.55234375 0.52109375 0.165625 0.128125 0 0 0 0 0 0
0 0.47265625 0.37109375 0.1375 0.1890625 0 0 0 0 0 0
0 0.25078125 0.1015625 0.1703125 0.203125 0 0 0 0 0 0
0 0.06796875 0.128125 0.1359375 0.140625 0 0 0 0 0 0
0 0.05859375 0.2578125 0.1171875 0.11875 0 0 0 0 0 0
0 0.06328125 0.4078125 0.1265625 0.20625 0 0 0 0 0 0
0 0.66015625 0.278125 0.128125 0.1375 0 0 0 0 0 0
0 0.7203125 0.21953125 0.225 0.14375 0 0 0 0 0 0
0 0.67890625 0.10703125 0.1421875 0.171875 0 0 0 0 0 0
0 0.5375 0.03125 0.1359375 0.0625 0 0 0 0 0 0
0 0.9515625 0.3328125 0.096875 0.128125 0 0 0 0 0 0