0 0.54375 0.49921875 0.19375 0.1875 0 0 0 0 0 0
0 0.67265625 0.50859375 0.10625 0.1875 0 0 0 0 0 0
0 0.3890625 0.3703125 0.1234375 0.171875 0 0 0 0 0 0
0 0.51484375 0.31328125 0.0875 0.165625 0 0 0 0 0 0
0 0.58984375 0.37109375 0.103125 0.178125 0 0 0 0 0 0
0 0.6703125 0.24609375 0.140625 0.184375 0 0 0 0 0 0
0 0.59375 0.09609375 0.13125 0.1921875 0 0 0 0 0 0
0 0.33359375 0.09375 0.1375 0.1875 0 0 0 0 0 0
0 0.13203125 0.1046875 0.128125 0.209375 0 0 0 0 0 0
0 0.328125 0.52734375 0.140625 0.184375 0 0 0 0 0 0
0 0.35 0.73046875 0.10625 0.2109375 0 0 0 0 0 0
0 0.19453125 0.63828125 0.103125 0.19375 0 0 0 0 0 0
0 0.64296875 0.75859375 0.14375 0.178125 0 0 0 0 0 0
0 0.6109375 0.859375 0.121875 0.175 0 0 0 0 0 0
0 0.48359375 0.915625 0.1 0.1671875 0 0 0 0 0 0
0 0.4703125 0.79296875 0.1453125 0.1703125 0 0 0 0 0 0
0 0.2015625 0.7484375 0.209375 0.1203125 0 0 0 0 0 0
0 0.06328125 0.82109375 0.1265625 0.190625 0 0 0 0 0 0
0 0.06328125 0.66796875 0.121875 0.1421875 0 0 0 0 0 0
0 0.23515625 0.47265625 0.140625 0.16875 0 0 0 0 0 0
0 0.15546875 0.48359375 0.115625 0.159375 0 0 0 0 0 0
0 0.07421875 0.5203125 0.125 0.1375 0 0 0 0 0 0
0 0.73359375 0.8296875 0.125 0.2046875 0 0 0 0 0 0
0 0.759375 0.43515625 0.096875 0.196875 0 0 0 0 0 0
0 0.86796875 0.4703125 0.165625 0.1671875 0 0 0 0 0 0
0 0.85703125 0.3171875 0.121875 0.2 0 0 0 0 0 0
0 0.92734375 0.67265625 0.1421875 0.19375 0 0 0 0 0 0
0 0.79921875 0.87890625 0.103125 0.15 0 0 0 0 0 0
0 0.88125 0.8125 0.14375 0.196875 0 0 0 0 0 0
0 0.825 0.0796875 0.1765625 0.140625 0 0 0 0 0 0
0 0.8984375 0.94609375 0.0875 0.10625 0 0 0 0 0 0
0 0.38671875 0.96640625 0.084375 0.0671875 0 0 0 0 0 0
0 0.92734375 0.5796875 0.1453125 0.1546875 0 0 0 0 0 0
0 0.959375 0.40234375 0.08125 0.1296875 0 0 0 0 0 0
0 0.97109375 0.27109375 0.05625 0.1265625 0 0 0 0 0 0
0 0.94375 0.1203125 0.1125 0.1265625 0 0 0 0 0 0
0 0.91484375 0.04375 0.115625 0.0875 0 0 0 0 0 0
0 0.97890625 0.78203125 0.0421875 0.1390625 0 0 0 0 0 0
0 0.97265625 0.96484375 0.0546875 0.0703125 0 0 0 0 0 0
0 0.44296875 0.1328125 0.146875 0.19375 0 0 0 0 0 0
0 0.47578125 0.065625 0.125 0.13125 0 0 0 0 0 0
0 0.715625 0.9734375 0.09375 0.053125 0 0 0 0 0 0
0 0.01640625 0.6328125 0.0328125 0.1359375 0 0 0 0 0 0
0 0.025 0.471875 0.05 0.15 0 0 0 0 0 0
0 0.0890625 0.415625 0.1171875 0.1796875 0 0 0 0 0 0
0 0.97421875 0.5734375 0.05 0.19375 0 0 0 0 0 0