0 0.61484375 0.6109375 0.1390625 0.209375 0 0 0 0 0 0
0 0.68203125 0.1421875 0.134375 0.178125 0 0 0 0 0 0
0 0.90703125 0.1890625 0.178125 0.184375 0 0 0 0 0 0
0 0.83515625 0.08203125 0.1578125 0.15 0 0 0 0 0 0
0 0.509375 0.34140625 0.1375 0.18125 0 0 0 0 0 0
0 0.5203125 0.4828125 0.134375 0.1765625 0 0 0 0 0 0
0 0.2140625 0.36484375 0.2125 0.1171875 0 0 0 0 0 0
0 0.2015625 0.0578125 0.0875 0.115625 0 0 0 0 0 0
0 0.315625 0.03984375 0.11875 0.0796875 0 0 0 0 0 0
0 0.29609375 0.5203125 0.13125 0.1703125 0 0 0 0 0 0
0 0.18046875 0.49921875 0.15 0.165625 0 0 0 0 0 0
0 0.3109375 0.6453125 0.18125 0.16875 0 0 0 0 0 0
0 0.32421875 0.8171875 0.15 0.18125 0 0 0 0 0 0
0 0.19140625 0.86484375 0.1328125 0.1859375 0 0 0 0 0 0
0 0.07734375 0.721875 0.1546875 0.128125 0 0 0 0 0 0
0 0.0203125 0.3890625 0.040625 0.1421875 0 0 0 0 0 0
0 0.48515625 0.93828125 0.1171875 0.1234375 0 0 0 0 0 0