0 0.3265625 0.14609375 0.2125 0.1625 0.2535715625 0.1651784375 2 0.425 0.0991071875 2
0 0.63046875 0.075 0.17578125 0.15 0.5803571875 0.023214375000000002 2 0.695535625 0.1383928125 2
0 0.88515625 0.19453125 0.15703125 0.15625 0.9375 0.1553571875 2 0.8178571874999999 0.251785625 2
0 0.7296875 0.36328125 0.1828125 0.11953125 0.8071428125000001 0.3660715625 2 0.6473215625 0.3348215625 2
0 0.94765625 0.38828125 0.1046875 0.1546875 0.9136028125 0.3851103125 2 0.946645 0.3850196875 0
0 0.83984375 0.46796875 0.1890625 0.12421875 0.7651784375 0.44375 2 0.925 0.49553562500000004 2
0 0.87734375 0.56640625 0.2046875 0.12890625 0.8098215625 0.5383928124999999 2 0.9723215625 0.5910715625 2
0 0.63984375 0.56640625 0.15859375 0.2140625 0.6589284375 0.5035715625 2 0.5973215625 0.6633928124999999 2
0 0.371875 0.67578125 0.1953125 0.18203125 0.3125 0.6276784375 2 0.45357156249999997 0.748214375 2
0 0.14296875 0.7015625 0.1796875 0.12421875 0.0714284375 0.7044643749999999 2 0.2276784375 0.689285625 2
0 0.08984375 0.56328125 0.1796875 0.16796875 0.13125 0.6116071875 2 0 0.4928571875 2
0 0.32109375 0.80390625 0.2046875 0.13828125 0.38214281250000004 0.773214375 2 0.2285715625 0.8410715625 2
0 0.33203125 0.90859375 0.14296875 0.15390625 0.2928571875 0.8508928125 2 0.3741071875 0.9714284375 2
0 0.4671875 0.9453125 0.19453125 0.10859375 0.39430156250000004 0.9237131249999999 2 0.529411875 1 2
0 0.70078125 0.93515625 0.1421875 0.1296875 0.6727940625 1 0 0.761029375 0.879595625 2
0 0.0296875 0.1109375 0.05859375 0.1109375 0.028571562499999998 0.08881375 0 0.0496325 0.1130515625 2
0 0.23203125 0.02890625 0.07265625 0.0578125 0.23060062499999998 0.0175378125 0 0.248161875 0.0193015625 2