0 0.234375 0.79453125 0.175 0.1265625 0 0 0 0 0 0
0 0.1203125 0.68515625 0.1796875 0.1640625 0 0 0 0 0 0
0 0.08515625 0.59609375 0.1703125 0.1125 0 0 0 0 0 0
0 0.22421875 0.671875 0.11875 0.1578125 0 0 0 0 0 0
0 0.3 0.71484375 0.153125 0.125 0 0 0 0 0 0
0 0.9 0.6375 0.2 0.16875 0 0 0 0 0 0
0 0.7875 0.45625 0.190625 0.125 0 0 0 0 0 0
0 0.928125 0.4359375 0.14375 0.109375 0 0 0 0 0 0
0 0.7171875 0.265625 0.209375 0.13125 0 0 0 0 0 0
0 0.85 0.11875 0.1921875 0.140625 0 0 0 0 0 0
0 0.671875 0.14921875 0.1015625 0.096875 0 0 0 0 0 0
0 0.7390625 0.13359375 0.1046875 0.1765625 0 0 0 0 0 0
0 0.70625 0.07265625 0.134375 0.1453125 0 0 0 0 0 0
0 0.625 0.04453125 0.125 0.0890625 0 0 0 0 0 0
0 0.3265625 0.0734375 0.125 0.146875 0 0 0 0 0 0
0 0.1765625 0.05859375 0.190625 0.1 0 0 0 0 0 0
0 0.096875 0.040625 0.19375 0.08125 0 0 0 0 0 0
0 0.078125 0.11484375 0.15625 0.10625 0 0 0 0 0 0
0 0.23828125 0.1828125 0.1875 0.13125 0 0 0 0 0 0
0 0.10234375 0.21328125 0.18125 0.1328125 0 0 0 0 0 0
0 0.0578125 0.296875 0.115625 0.10625 0 0 0 0 0 0
0 0.21875 0.34765625 0.1703125 0.23125 0 0 0 0 0 0
0 0.0859375 0.40234375 0.171875 0.11875 0 0 0 0 0 0
0 0.934375 0.81171875 0.13125 0.115625 0 0 0 0 0 0
0 0.8390625 0.84140625 0.15625 0.13125 0 0 0 0 0 0