0 0.2609375 0.5203125 0.18828125 0.11953125 0.1975778125 0.5033034375 2 0.348014375 0.544205625 2
0 0.26796875 0.39453125 0.13046875 0.13203125 0.2433328125 0.350440625 2 0.32236375 0.452349375 2
0 0.346875 0.34765625 0.15546875 0.1078125 0.2901275 0.3247903125 2 0.41768656249999997 0.3636125 2
0 0.45078125 0.3875 0.14921875 0.12890625 0.483545625 0.3455878125 2 0.381290625 0.44611 2
0 0.49296875 0.46640625 0.140625 0.14765625 0.4578953125 0.48562562500000006 2 0.5566840625 0.40000843750000004 2
0 0.56875 0.3890625 0.1140625 0.128125 0.6020925 0.431205 2 0.519595 0.3306828125 2
0 0.69765625 0.4953125 0.1625 0.171875 0.67315125 0.4305115625 2 0.7705534375 0.57470875 2
0 0.82265625 0.46015625 0.1015625 0.18046875 0.8180415625 0.3826771875 2 0.833293125 0.5424724999999999 2
0 0.965625 0.4625 0.06875 0.13125 0.9715975 0.43328468750000004 2 0.9646546875 0.45857875000000003 0
0 0.85703125 0.3578125 0.20546875 0.1234375 0.7937775 0.32340375 2 0.9501065625 0.39792875 2
0 0.759375 0.28984375 0.1296875 0.1625 0.778179375 0.22496156250000002 2 0.7507956250000001 0.3656921875 2
0 0.7953125 0.2125 0.14296875 0.15234375 0.7910046875 0.1670746875 2 0.8523578125 0.28492812500000003 2
0 0.92265625 0.015625 0.090625 0.03046875 0.9242671874999999 0.021285625 0 0.9573859375 0.0242640625 2
0 0.771875 0.02265625 0.1 0.0453125 0.77363125 0.031444375000000004 0 0.8138818750000001 0.039169062500000004 2
0 0.703125 0.0671875 0.14296875 0.13359375 0.6700315625 0.006239375 2 0.7663940625000001 0.12166625 2
0 0.69921875 0.16640625 0.159375 0.10390625 0.6315559375 0.1965378125 2 0.7487159375 0.12582593749999998 2
0 0.61953125 0.259375 0.13984375 0.1265625 0.678350625 0.2149090625 2 0.5563374999999999 0.3088453125 2
0 0.6625 0.34921875 0.14609375 0.159375 0.6447275 0.3060721875 2 0.706080625 0.4253121875 2
0 0.52265625 0.57578125 0.2 0.11796875 0.459975 0.5684696875 2 0.617690625 0.552178125 2
0 0.44609375 0.62734375 0.159375 0.1203125 0.394115625 0.5972396875 2 0.5123159375 0.6585928125 2
0 0.35703125 0.6828125 0.15 0.11640625 0.3043390625 0.6686449999999999 2 0.4253121875 0.667605 2
0 0.3515625 0.7484375 0.15625 0.1015625 0.2949803125 0.7369306250000001 2 0.4235790625 0.7802590625 2
0 0.340625 0.82421875 0.1625 0.11484375 0.2658634375 0.811455625 2 0.4097140625 0.82116125 2
0 0.3234375 0.91328125 0.14375 0.1046875 0.268983125 0.89222 2 0.391689375 0.9171771874999999 2
0 0.49765625 0.9640625 0.1734375 0.071875 0.4305115625 0.9712509375 2 0.5771353125 0.99794125 2
0 0.33359375 0.975 0.22734375 0.05 0.2537315625 0.9982878124999999 2 0.330010625 0.973484375 0
0 0.15703125 0.965625 0.1453125 0.06875 0.1154271875 0.960505625 2 0.15569875 0.964154375 0
0 0.06484375 0.88984375 0.1296875 0.11171875 0.0669621875 0.9118718749999999 0 0.11334718749999999 0.8617165625000001 2
0 0.209375 0.90625 0.13984375 0.16015625 0.176086875 0.9386681250000001 2 0.2714096875 0.83156 2
0 0.22109375 0.75078125 0.12265625 0.2 0.21386937499999997 0.8326 2 0.26378375 0.6578993750000001 2
0 0.15703125 0.759375 0.0984375 0.16328125 0.1677678125 0.8118021875 2 0.133105 0.68355 2
0 0.09375 0.78828125 0.06953125 0.1453125 0.09636249999999999 0.845425 2 0.1182 0.7199459375 2
0 0.04609375 0.803125 0.09140625 0.0953125 0.044704375000000005 0.8322200000000001 0 0.087696875 0.7826856249999999 2
0 0.03828125 0.6921875 0.0765625 0.1140625 0.039284374999999996 0.71449625 0 0.0668990625 0.642994375 2
0 0.08828125 0.58671875 0.16015625 0.12265625 0.0426353125 0.5438590624999999 2 0.161181875 0.642994375 2
0 0.03359375 0.49609375 0.0671875 0.0765625 0.0348203125 0.5115603125 0 0.049914375 0.5078096875 2
0 0.04375 0.39140625 0.0875 0.16015625 0.0478346875 0.44714968749999995 2 0.0055459375 0.31543125 2
0 0.16484375 0.31484375 0.1703125 0.09921875 0.1379578125 0.28666125 2 0.23847999999999997 0.350440625 2
0 0.09609375 0.2734375 0.16328125 0.12890625 0.04124875 0.27764875 2 0.175046875 0.2578909375 2
0 0.03125 0.15390625 0.06171875 0.09609375 0.0370890625 0.125479375 2 0.031963437500000004 0.1562328125 0
0 0.15390625 0.1578125 0.09921875 0.16640625 0.1625684375 0.2273878125 2 0.15840875000000001 0.095669375 2
0 0.2328125 0.1578125 0.1015625 0.1625 0.23536031249999997 0.200004375 2 0.261010625 0.08284406250000001 2
0 0.2640625 0.25859375 0.19375 0.134375 0.21005656250000002 0.23293375 2 0.35668 0.27106281249999997 2
0 0.36171875 0.23828125 0.175 0.196875 0.3341490625 0.18475250000000001 2 0.439870625 0.328603125 2
0 0.42890625 0.3015625 0.16640625 0.08359375 0.376784375 0.297268125 2 0.501916875 0.300734375 2
0 0.446875 0.2140625 0.190625 0.15234375 0.49810406250000006 0.23293375 2 0.3587596875 0.14731687499999999 2
0 0.87421875 0.64921875 0.1734375 0.15703125 0.9338153124999999 0.6201171875 2 0.7930843750000001 0.6575528125 2
0 0.94765625 0.671875 0.1046875 0.0828125 0.9459471875000001 0.655473125 0 0.907125 0.6575528125 2
0 0.95078125 0.58359375 0.09765625 0.0984375 0.944560625 0.613184375 2 0.94976 0.579908125 0
0 0.96171875 0.8015625 0.0765625 0.146875 0.9785303125 0.8540909375 2 0.9610834374999999 0.8058325 0
0 0.94375 0.91171875 0.1125 0.109375 0.9171771874999999 0.9048371875000001 2 0.9419768749999999 0.90865375 0
0 0.8203125 0.98359375 0.07578125 0.0328125 0.8138818750000001 0.986849375 2 0.8187978125 0.9828146875 0