0 0.06171875 0.0515625 0.1234375 0.103125 0.0809375 0.0278125 2 0.0639109375 0.054591875 0
0 0.24765625 0.00859375 0.125 0.0171875 0.2455965625 0.0122115625 0 0.1915625 0.006875000000000001 2
0 0.1671875 0.1703125 0.184375 0.1125 0.234375 0.1603125 2 0.08 0.18375 2
0 0.36484375 0.18046875 0.2078125 0.1453125 0.42093749999999996 0.15437499999999998 2 0.268125 0.24375 2
0 0.54296875 0.18125 0.18125 0.13125 0.6084375 0.20031249999999998 2 0.4575 0.1359375 2
0 0.88359375 0.1734375 0.228125 0.13125 0.9578125 0.15625 2 0.775625 0.19437500000000002 2
0 0.89140625 0.30234375 0.15625 0.18125 0.9331250000000001 0.3540625 2 0.8190625 0.216875 2
0 0.865625 0.4734375 0.1671875 0.165625 0.8978125 0.5090625 2 0.811875 0.3978125 2
0 0.79375 0.38515625 0.1828125 0.1125 0.8525 0.37374999999999997 2 0.70875 0.41500000000000004 2
0 0.74375 0.51171875 0.175 0.146875 0.7940625 0.5528125 2 0.6596875 0.4559375 2
0 0.790625 0.61875 0.215625 0.1 0.8728125 0.6131249999999999 2 0.6890625 0.598125 2
0 0.8625 0.6609375 0.196875 0.090625 0.9340624999999999 0.651875 2 0.7721875 0.6934375 2
0 0.95625 0.8046875 0.0875 0.1046875 0.9551725 0.7839721875000001 0 0.9259012500000001 0.79541375 2
0 0.9 0.84296875 0.1921875 0.1453125 0.8445081249999999 0.8135012500000001 2 0.9896378125 0.9099671875 2
0 0.92890625 0.953125 0.1421875 0.09375 0.9265537500000001 0.935070625 0 0.8638875 0.9155656249999999 2
0 0.7046875 0.90234375 0.11875 0.171875 0.7191884374999999 0.9780103125 2 0.683444375 0.82168375 2
0 0.5921875 0.84296875 0.125 0.1015625 0.550373125 0.8122093749999999 2 0.6455471875 0.883266875 2
0 0.45234375 0.91640625 0.1640625 0.15 0.40825781250000004 0.9625068750000001 2 0.5236725 0.8496759375 2
0 0.3921875 0.97265625 0.11875 0.0546875 0.36341687500000003 0.9721399999999999 2 0.3907540625 0.9711931249999999 0
0 0.5328125 0.77421875 0.1421875 0.165625 0.49542281250000003 0.8310487500000001 2 0.5991034375 0.6979740624999999 2
0 0.45078125 0.7453125 0.1546875 0.178125 0.42487718750000003 0.79791375 2 0.5194721875 0.661098125 2
0 0.35234375 0.8046875 0.128125 0.19375 0.384794375 0.8759415625000001 2 0.3056978125 0.7140071875 2
0 0.259375 0.8234375 0.128125 0.1875 0.2789759375 0.89625 2 0.2474440625 0.7348503125 2
0 0.12578125 0.9203125 0.159375 0.153125 0.0780278125 0.9529003125 2 0.20094812499999998 0.8775446875 2
0 0.1640625 0.80234375 0.1609375 0.18125 0.23034218750000002 0.7396603125000001 2 0.0940609375 0.8599084375 2
0 0.12578125 0.71328125 0.10625 0.1703125 0.14109125 0.7904315625 2 0.118110625 0.6322384375000001 2
0 0.059375 0.753125 0.11875 0.13125 0.10314625 0.728436875 2 0.057524687500000005 0.74965125 0
0 0.03515625 0.83828125 0.0703125 0.09375 0.032600625 0.815015625 2 0.0363415625 0.8411140625 0
0 0.01953125 0.74609375 0.0390625 0.059375 0.0128265625 0.7455390625 2 0.020098125 0.7477065625 0
0 0.04375 0.5328125 0.0875 0.096875 0.045151875 0.5518625 0 0.08176875 0.56543375 2
0 0.03125 0.40703125 0.0625 0.1234375 0.033669375 0.4029653125 2 0.017101875 0.4259459375 0
0 0.121875 0.36640625 0.1953125 0.1375 0.18384625000000002 0.37250218749999997 2 0.030997187500000002 0.33562625 2
0 0.0546875 0.25859375 0.109375 0.1359375 0.060391249999999994 0.23782437500000003 2 0.05286062500000001 0.2551490625 0
0 0.2046875 0.5890625 0.184375 0.128125 0.2712596875 0.5659934375 2 0.1225884375 0.634460625 2
0 0.3171875 0.53359375 0.10625 0.15 0.3188603125 0.4936140625 2 0.34755125 0.6044653125 2
0 0.42265625 0.5953125 0.1078125 0.1609375 0.43753656249999995 0.5386068749999999 2 0.43232 0.671628125 2
0 0.39453125 0.47421875 0.0875 0.134375 0.387979375 0.5314340625 2 0.4140621875 0.4160184375 2
0 0.48515625 0.48125 0.13125 0.146875 0.5060034375 0.5379546875 2 0.4290596875 0.41732250000000004 2
0 0.5453125 0.37109375 0.1796875 0.128125 0.4805728125 0.38211093749999997 2 0.632504375 0.3358140625 2
0 0.984375 0.7328125 0.03125 0.11875 0.99034125 0.7341603125 2 0.984258125 0.7291978125 0
0 0.9828125 0.6046875 0.034375 0.0578125 0.9815771874999999 0.6222496875 0 0.9901546874999999 0.5827790625 2