0 0.83671875 0.65 0.19375 0.134375 0 0 0 0 0 0
0 0.80234375 0.8078125 0.184375 0.11875 0 0 0 0 0 0
0 0.6515625 0.7234375 0.134375 0.1390625 0 0 0 0 0 0
0 0.75625 0.45 0.1 0.190625 0 0 0 0 0 0
0 0.64453125 0.478125 0.103125 0.19375 0 0 0 0 0 0
0 0.56875 0.6203125 0.1140625 0.11875 0 0 0 0 0 0
0 0.61796875 0.8296875 0.15 0.134375 0 0 0 0 0 0
0 0.8640625 0.93671875 0.190625 0.1 0 0 0 0 0 0
0 0.9328125 0.328125 0.11875 0.1890625 0 0 0 0 0 0
0 0.8125 0.3 0.1359375 0.1625 0 0 0 0 0 0
0 0.765625 0.13515625 0.075 0.15 0 0 0 0 0 0
0 0.6921875 0.15390625 0.1 0.1671875 0 0 0 0 0 0
0 0.6546875 0.2859375 0.1390625 0.15625 0 0 0 0 0 0
0 0.4796875 0.44765625 0.1890625 0.11875 0 0 0 0 0 0
0 0.43046875 0.53671875 0.15 0.10625 0 0 0 0 0 0
0 0.56484375 0.7203125 0.175 0.125 0 0 0 0 0 0
0 0.54921875 0.9171875 0.153125 0.13125 0 0 0 0 0 0
0 0.40625 0.6953125 0.15625 0.1375 0 0 0 0 0 0
0 0.40546875 0.95078125 0.1234375 0.0984375 0 0 0 0 0 0
0 0.7078125 0.93125 0.11875 0.1375 0 0 0 0 0 0
0 0.62421875 0.95703125 0.0859375 0.0859375 0 0 0 0 0 0
0 0.809375 0.9625 0.165625 0.0703125 0 0 0 0 0 0
0 0.9609375 0.9515625 0.078125 0.096875 0 0 0 0 0 0
0 0.9453125 0.18203125 0.109375 0.1703125 0 0 0 0 0 0
0 0.4171875 0.21640625 0.090625 0.171875 0 0 0 0 0 0
0 0.2953125 0.53046875 0.075 0.159375 0 0 0 0 0 0
0 0.2421875 0.64140625 0.1859375 0.1828125 0 0 0 0 0 0
0 0.23203125 0.78515625 0.165625 0.1078125 0 0 0 0 0 0
0 0.22265625 0.865625 0.15625 0.1296875 0 0 0 0 0 0
0 0.178125 0.51015625 0.1046875 0.1859375 0 0 0 0 0 0
0 0.38125 0.36953125 0.146875 0.11875 0 0 0 0 0 0
0 0.29453125 0.16484375 0.15 0.103125 0 0 0 0 0 0
0 0.33046875 0.2546875 0.0921875 0.1375 0 0 0 0 0 0
0 0.27890625 0.40234375 0.15 0.146875 0 0 0 0 0 0
0 0.24765625 0.29453125 0.1 0.1609375 0 0 0 0 0 0
0 0.16484375 0.353125 0.1125 0.1859375 0 0 0 0 0 0
0 0.084375 0.4546875 0.14375 0.1828125 0 0 0 0 0 0
0 0.121875 0.27578125 0.14375 0.134375 0 0 0 0 0 0
0 0.1296875 0.1015625 0.146875 0.159375 0 0 0 0 0 0
0 0.07109375 0.17109375 0.1421875 0.121875 0 0 0 0 0 0
0 0.2015625 0.03671875 0.153125 0.0734375 0 0 0 0 0 0
0 0.0984375 0.02421875 0.153125 0.0484375 0 0 0 0 0 0
0 0.0296875 0.07109375 0.059375 0.0984375 0 0 0 0 0 0
0 0.0203125 0.18046875 0.040625 0.1984375 0 0 0 0 0 0
0 0.51875 0.8109375 0.090625 0.153125 0 0 0 0 0 0
0 0.48203125 0.8234375 0.1625 0.15625 0 0 0 0 0 0
0 0.53515625 0.98125 0.08125 0.0375 0 0 0 0 0 0
0 0.51015625 0.22109375 0.115625 0.15625 0 0 0 0 0 0
0 0.471875 0.08515625 0.08125 0.16875 0 0 0 0 0 0
0 0.50078125 0.03984375 0.0515625 0.0796875 0 0 0 0 0 0
0 0.61640625 0.10390625 0.075 0.171875 0 0 0 0 0 0
0 0.64609375 0.05625 0.059375 0.1125 0 0 0 0 0 0
0 0.75078125 0.0359375 0.1296875 0.071875 0 0 0 0 0 0
0 0.95234375 0.1125 0.09375 0.103125 0 0 0 0 0 0
0 0.88671875 0.0515625 0.0703125 0.103125 0 0 0 0 0 0