0 0.18046875 0.67421875 0.12265625 0.16328125 0.14306687499999998 0.630500625 2 0.22143000000000002 0.7491237500000001 2
0 0.38359375 0.60390625 0.125 0.21640625 0.3774375 0.6815446875 2 0.394691875 0.510439375 2
0 0.24453125 0.83203125 0.196875 0.13046875 0.17685656249999998 0.8339575 2 0.3378965625 0.8476171875 2
0 0.265625 0.91640625 0.20703125 0.11953125 0.349399375 0.9108828125 2 0.17182406249999999 0.9468293750000001 2
0 0.27265625 0.97578125 0.13359375 0.0484375 0.2704478125 0.96640875 0 0.3278315625 0.961926875 2
0 0.49921875 0.81015625 0.171875 0.11640625 0.4363896875 0.80448125 2 0.5737053125 0.836114375 2
0 0.7625 0.70390625 0.1 0.18203125 0.7376209375 0.650630625 2 0.7886650000000001 0.7836325000000001 2
0 0.859375 0.80859375 0.15 0.18046875 0.8202978125 0.8907528125 2 0.9108828125 0.7304315625 2
0 0.6734375 0.525 0.178125 0.175 0.6352578125 0.6025671874999999 2 0.7474659375 0.4506 2
0 0.5765625 0.475 0.1703125 0.078125 0.5012496875 0.486585625 2 0.6485584375 0.456590625 2
0 0.54296875 0.38828125 0.1203125 0.1375 0.511248125 0.4465921875 2 0.5925678125 0.3279453125 2
0 0.48984375 0.3453125 0.125 0.18046875 0.45325781249999997 0.4299284375 2 0.4999165625 0.2599565625 2
0 0.4109375 0.30859375 0.1609375 0.1953125 0.4439259375 0.2446259375 2 0.3412765625 0.39593406249999996 2