0 0.7890625 0.61640625 0.1328125 0.20625 0 0 0 0 0 0
0 0.9203125 0.7390625 0.159375 0.121875 0 0 0 0 0 0
0 0.8421875 0.8375 0.140625 0.184375 0 0 0 0 0 0
0 0.93046875 0.93828125 0.13125 0.1234375 0 0 0 0 0 0
0 0.6171875 0.86484375 0.1359375 0.2125 0 0 0 0 0 0
0 0.47890625 0.865625 0.190625 0.18125 0 0 0 0 0 0
0 0.55546875 0.71640625 0.1625 0.128125 0 0 0 0 0 0
0 0.071875 0.63359375 0.14375 0.125 0 0 0 0 0 0
0 0.2109375 0.5953125 0.1671875 0.128125 0 0 0 0 0 0
0 0.26328125 0.503125 0.190625 0.1515625 0 0 0 0 0 0
0 0.3671875 0.4640625 0.184375 0.10625 0 0 0 0 0 0
0 0.221875 0.3390625 0.196875 0.13125 0 0 0 0 0 0
0 0.08828125 0.303125 0.1765625 0.14375 0 0 0 0 0 0
0 0.146875 0.1890625 0.109375 0.2046875 0 0 0 0 0 0
0 0.06796875 0.125 0.134375 0.190625 0 0 0 0 0 0
0 0.2609375 0.07109375 0.1625 0.1421875 0 0 0 0 0 0
0 0.66171875 0.05234375 0.1734375 0.1046875 0 0 0 0 0 0
0 0.775 0.2078125 0.153125 0.175 0 0 0 0 0 0
0 0.90625 0.22734375 0.1875 0.146875 0 0 0 0 0 0