0 0.15234375 0.21015625 0.16875 0.159375 0 0 0 0 0 0
0 0.26171875 0.1 0.134375 0.184375 0 0 0 0 0 0
0 0.3578125 0.1453125 0.18125 0.184375 0 0 0 0 0 0
0 0.41015625 0.0140625 0.078125 0.028125 0 0 0 0 0 0
0 0.825 0.11171875 0.1375 0.1875 0 0 0 0 0 0
0 0.93359375 0.0359375 0.103125 0.071875 0 0 0 0 0 0
0 0.98125 0.3359375 0.0375 0.125 0 0 0 0 0 0
0 0.96796875 0.50234375 0.0625 0.184375 0 0 0 0 0 0
0 0.9140625 0.5 0.1234375 0.225 0 0 0 0 0 0
0 0.95859375 0.80703125 0.0828125 0.1328125 0 0 0 0 0 0
0 0.87421875 0.771875 0.203125 0.1578125 0 0 0 0 0 0
0 0.740625 0.878125 0.1921875 0.121875 0 0 0 0 0 0
0 0.7203125 0.59375 0.1265625 0.1625 0 0 0 0 0 0
0 0.10078125 0.5328125 0.2015625 0.1328125 0 0 0 0 0 0
0 0.0375 0.81640625 0.075 0.1671875 0 0 0 0 0 0
0 0.09765625 0.8375 0.1375 0.203125 0 0 0 0 0 0
0 0.159375 0.90625 0.121875 0.1875 0 0 0 0 0 0
0 0.240625 0.9546875 0.10625 0.090625 0 0 0 0 0 0
0 0.51640625 0.90078125 0.13125 0.165625 0 0 0 0 0 0