0 0.24765625 0.07109375 0.1546875 0.11953125 0.3160715625 0.040178437500000004 2 0.18125 0.11160718750000001 2
0 0.66953125 0.10703125 0.20390625 0.1609375 0.7535715625 0.139285625 2 0.5741071875 0.0625 2
0 0.53359375 0.1921875 0.11171875 0.17578125 0.5285715625 0.270535625 2 0.5473215625 0.1089284375 2
0 0.53515625 0.34140625 0.125 0.15390625 0.5651784375 0.40535718750000005 2 0.5008928125 0.26875 2
0 0.74765625 0.39453125 0.14296875 0.09609375 0.691964375 0.41696437499999994 2 0.80625 0.39196437500000003 2
0 0.58359375 0.46953125 0.14453125 0.1734375 0.5464284375 0.5107143749999999 2 0.6473215625 0.3946428125 2
0 0.46328125 0.43203125 0.1890625 0.1328125 0.5366071875 0.4651784375 2 0.376785625 0.38928562499999997 2
0 0.32890625 0.4515625 0.1296875 0.2015625 0.3241071875 0.5401784375 1 0.3321428125 0.36071437500000003 2
0 0.3640625 0.52421875 0.1796875 0.11640625 0.4401784375 0.5205356250000001 2 0.28125 0.5616071875 2
0 0.4765625 0.59375 0.15390625 0.07109375 0.43125 0.5901784375 2 0.5464284375 0.598214375 2
0 0.328125 0.6484375 0.20234375 0.13828125 0.3866071875 0.6669643749999999 2 0.23660718749999998 0.6196428125 2
0 0.15234375 0.23671875 0.1796875 0.13046875 0.095535625 0.260714375 2 0.2348215625 0.18482156249999998 2
0 0.13125 0.3421875 0.17109375 0.09375 0.201785625 0.325 2 0.058035625 0.379464375 2
0 0.1453125 0.4765625 0.11484375 0.2 0.1598215625 0.3875 2 0.1446428125 0.5723215625 2
0 0.096875 0.5296875 0.18984375 0.11953125 0.03125 0.5508928125 2 0.1616071875 0.5142856250000001 1
0 0.6140625 0.69609375 0.1421875 0.20625 0.6321428124999999 0.7669643749999999 2 0.6258928125 0.595535625 2
0 0.37109375 0.734375 0.17421875 0.0796875 0.308035625 0.7339284375 2 0.451785625 0.758035625 2
0 0.23203125 0.80234375 0.175 0.16328125 0.1723215625 0.854464375 2 0.3133928125 0.7446428125 2
0 0.3296875 0.83671875 0.1875 0.1671875 0.3625 0.773214375 2 0.2946428125 0.9133928125 2
0 0.5140625 0.78515625 0.12109375 0.18359375 0.5107143749999999 0.8678571875 2 0.5526784375 0.7 2
0 0.521875 0.88515625 0.11484375 0.125 0.48660718750000004 0.9401784375 2 0.570535625 0.8321428125000001 2
0 0.6671875 0.7859375 0.08515625 0.1671875 0.664285625 0.8616071875 2 0.6991071875 0.7089284375 2
0 0.74375 0.7640625 0.11953125 0.15546875 0.7214284375 0.8303571875 2 0.7901784375 0.6928571875 2
0 0.91484375 0.69375 0.13203125 0.18046875 0.9535715625 0.7651784375 2 0.8616071875 0.6071428125 2
0 0.83203125 0.5765625 0.13125 0.1671875 0.7964284375 0.63125 2 0.8883928125 0.5116071875 1
0 0.89765625 0.49609375 0.16796875 0.22265625 0.93125 0.5625 2 0.8482143750000001 0.3883928125 2
0 0.54921875 0.93125 0.1921875 0.13046875 0.6276784375 0.9392856249999999 2 0.4589284375 0.9866071875 2
0 0.86015625 0.9390625 0.1703125 0.11484375 0.789285625 0.9723215625 2 0.9419643750000001 0.9053571874999999 2
0 0.87734375 0.79765625 0.15234375 0.16953125 0.835714375 0.7553571875 2 0.9428571874999999 0.8732143750000001 2
0 0.76015625 0.878125 0.10703125 0.19765625 0.748214375 0.951785625 2 0.7919643749999999 0.7901784375 2
0 0.10546875 0.89921875 0.0921875 0.1640625 0.10178562499999999 0.8285715625 2 0.12946437500000002 0.9741071874999999 2
0 0.17109375 0.934375 0.0765625 0.13125 0.1660715625 0.8767856249999999 2 0.17069812499999998 0.9312003125 0
0 0.1265625 0.03671875 0.196875 0.0734375 0.21339281250000003 0.0071428125 0 0.049107187499999996 0.05 2
0 0.725 0.48515625 0.19609375 0.13828125 0.6625 0.504464375 2 0.8026784375 0.4625 2
0 0.6828125 0.89921875 0.15234375 0.08125 0.623214375 0.9098215625 2 0.7401784375 0.914285625 1
0 0.39921875 0.95703125 0.1453125 0.0859375 0.39778125000000003 0.9408106249999999 0 0.4616071875 0.9339284375 2
0 0.04296875 0.925 0.0859375 0.15 0.052389687500000004 0.8630515624999999 2 0.04199125 0.9208334375 0
0 0.078125 0.9546875 0.07578125 0.08984375 0.0726103125 0.9255515624999999 2 0.076975 0.9524056249999999 0
0 0.03984375 0.68984375 0.0796875 0.1078125 0.038528125 0.6683615625 0 0.07169125 0.6599265625 2
0 0.23359375 0.7078125 0.23359375 0.1171875 0.166964375 0.7330356250000001 2 0.34375 0.6964284375 2
0 0.7609375 0.5265625 0.0859375 0.1765625 0.7607143749999999 0.45535718750000004 2 0.7678571875 0.6 2
0 0.96484375 0.8203125 0.06953125 0.09921875 0.94669125 0.798713125 2 0.9641231250000001 0.81733625 0
0 0.43046875 0.84765625 0.15546875 0.15078125 0.373214375 0.9044643750000001 2 0.4946428125 0.8116071874999999 2
0 0.11015625 0.7546875 0.13359375 0.11875 0.0625 0.7973215625 2 0.145535625 0.7223215625 2
0 0.0328125 0.37734375 0.065625 0.0609375 0.05606625 0.3648896875 2 0.0321746875 0.3764015625 0
0 0.01953125 0.56796875 0.0390625 0.0671875 0.019047500000000002 0.5550571875 0 0.0229778125 0.5726103124999999 2
0 0.040625 0.7875 0.08046875 0.103125 0.0381715625 0.762370625 0 0.0698528125 0.75 2
0 0.26953125 0.9703125 0.15390625 0.05859375 0.2673159375 0.95887875 0 0.3272059375 0.9724265624999999 2
0 0.69765625 0.9703125 0.1578125 0.05859375 0.6415440625 1 2 0.6953734375 0.9688987499999999 0
0 0.975 0.9296875 0.05 0.1375 0.9747025 0.9032993749999999 0 0.9825368750000001 0.8676471875 2
0 0.9375 0.32890625 0.125 0.1796875 0.9357143750000001 0.40535718750000005 2 1 0.254464375 2
0 0.9640625 0.453125 0.07109375 0.0546875 0.9494484375000001 0.451286875 2 0.9632034375 0.45144593750000006 0