0 0.69296875 0.17578125 0.19296875 0.12890625 0.6397059375 0.1875 2 0.785845625 0.1553309375 2
0 0.54921875 0.1890625 0.15546875 0.13515625 0.598345625 0.151654375 2 0.48345593750000004 0.248161875 2
0 0.39140625 0.1921875 0.16875 0.121875 0.33180156250000004 0.2444853125 2 0.46783093750000004 0.1415440625 2
0 0.25 0.18671875 0.175 0.0875 0.3272059375 0.189338125 2 0.16544125 0.1709559375 2
0 0.059375 0.23828125 0.11875 0.171875 0.08455875 0.1875 2 0.057486562500000005 0.233736875 0
0 0.04609375 0.07890625 0.0921875 0.096875 0.046875 0.10477937500000001 2 0.0473484375 0.08126531249999999 0
0 0.065625 0.021875 0.10859375 0.04296875 0.052389687500000004 0.0211396875 2 0.0636140625 0.022799375 0
0 0.36796875 0.03359375 0.0984375 0.0671875 0.3740809375 0.048713125 2 0.3695965625 0.0354115625 0
0 0.8328125 0.05078125 0.128125 0.10078125 0.85018375 0.0790440625 2 0.8351159375 0.05336 0
0 0.21953125 0.0234375 0.06640625 0.046875 0.22977937499999998 0.0193015625 0 0.21599249999999998 0.0349265625 2
0 0.25859375 0.071875 0.209375 0.09296875 0.328125 0.056985312499999996 2 0.1617646875 0.08731625 2
0 0.29375 0.12578125 0.1578125 0.075 0.2334559375 0.140625 2 0.3694853125 0.1102940625 2
0 0.44375 0.3078125 0.15 0.13125 0.4898896875 0.36856625 2 0.4163603125 0.2490809375 2
0 0.225 0.38125 0.11796875 0.1109375 0.2738971875 0.42830874999999996 2 0.1709559375 0.33180156250000004 2
0 0.33984375 0.3859375 0.18046875 0.14140625 0.40625 0.36305156250000004 2 0.2647059375 0.44944843749999996 2
0 0.4109375 0.5265625 0.1875 0.146875 0.357536875 0.5569853124999999 2 0.498161875 0.4926471875 2
0 0.29765625 0.496875 0.19453125 0.10546875 0.2224265625 0.498161875 2 0.390625 0.47794125000000004 2
0 0.19375 0.57890625 0.21171875 0.128125 0.1259190625 0.5928309375 2 0.296875 0.5698528125 2
0 0.29921875 0.6484375 0.17578125 0.1421875 0.24080875000000002 0.6663603124999999 2 0.38419125 0.6194853124999999 2
0 0.12421875 0.8078125 0.19375 0.13671875 0.0634190625 0.832720625 2 0.2196690625 0.75919125 2
0 0.03046875 0.9328125 0.0609375 0.06875 0.0229778125 0.9246325000000001 2 0.0317234375 0.9357128124999999 0
0 0.32109375 0.9375 0.146875 0.125 0.28125 0.9136028125 2 0.31854375 0.9340278124999999 0
0 0.4640625 0.88828125 0.1625 0.1625 0.5229778125 0.9384190625000001 2 0.390625 0.8152575000000001 2
0 0.49453125 0.97578125 0.15234375 0.04765625 0.4921734375 0.9666487500000001 0 0.4292278125 0.95955875 2
0 0.6140625 0.9484375 0.15625 0.103125 0.6792278125 0.9816174999999999 2 0.546875 0.9292278125 2
0 0.90546875 0.96328125 0.1890625 0.0734375 0.9834559374999999 0.9724265624999999 2 0.9024621875 0.9616778125 0
0 0.8265625 0.84140625 0.17109375 0.109375 0.9053309374999999 0.848345625 2 0.748161875 0.8409924999999999 2
0 0.91640625 0.884375 0.1671875 0.13125 0.863970625 0.910845625 2 0.914299375 0.888735625 0
0 0.8265625 0.73984375 0.165625 0.1453125 0.8759190625000001 0.704963125 2 0.7527575 0.8051471875 2
0 0.9640625 0.678125 0.071875 0.1421875 0.9650734375000001 0.6525734375 2 0.963068125 0.673891875 0
0 0.89140625 0.52578125 0.1296875 0.1859375 0.9347424999999999 0.473345625 2 0.832720625 0.611213125 2
0 0.93671875 0.4359375 0.1265625 0.1671875 0.901654375 0.3961396875 2 0.9346590625 0.43101500000000004 0
0 0.58828125 0.8375 0.115625 0.1578125 0.5698528125 0.8915440625000001 2 0.6397059375 0.7647059375 2