0 0.765625 0.79453125 0.175 0.1265625 0 0 0 0 0 0
0 0.8796875 0.68515625 0.1796875 0.1640625 0 0 0 0 0 0
0 0.91484375 0.59609375 0.1703125 0.1125 0 0 0 0 0 0
0 0.77578125 0.671875 0.11875 0.1578125 0 0 0 0 0 0
0 0.7 0.71484375 0.153125 0.125 0 0 0 0 0 0
0 0.1 0.6375 0.2 0.16875 0 0 0 0 0 0
0 0.2125 0.45625 0.190625 0.125 0 0 0 0 0 0
0 0.071875 0.4359375 0.14375 0.109375 0 0 0 0 0 0
0 0.2828125 0.265625 0.209375 0.13125 0 0 0 0 0 0
0 0.15 0.11875 0.1921875 0.140625 0 0 0 0 0 0
0 0.328125 0.14921875 0.1015625 0.096875 0 0 0 0 0 0
0 0.2609375 0.13359375 0.1046875 0.1765625 0 0 0 0 0 0
0 0.29375 0.07265625 0.134375 0.1453125 0 0 0 0 0 0
0 0.375 0.04453125 0.125 0.0890625 0 0 0 0 0 0
0 0.6734375 0.0734375 0.125 0.146875 0 0 0 0 0 0
0 0.8234375 0.05859375 0.190625 0.1 0 0 0 0 0 0
0 0.903125 0.040625 0.19375 0.08125 0 0 0 0 0 0
0 0.921875 0.11484375 0.15625 0.10625 0 0 0 0 0 0
0 0.76171875 0.1828125 0.1875 0.13125 0 0 0 0 0 0
0 0.89765625 0.21328125 0.18125 0.1328125 0 0 0 0 0 0
0 0.9421875 0.296875 0.115625 0.10625 0 0 0 0 0 0
0 0.78125 0.34765625 0.1703125 0.23125 0 0 0 0 0 0
0 0.9140625 0.40234375 0.171875 0.11875 0 0 0 0 0 0
0 0.065625 0.81171875 0.13125 0.115625 0 0 0 0 0 0
0 0.1609375 0.84140625 0.15625 0.13125 0 0 0 0 0 0