0 0.1578125 0.80859375 0.190625 0.159375 0.1839284375 0.229464375 2 0.2285715625 0.085714375 2
0 0.2671875 0.76640625 0.0890625 0.1734375 0.3026784375 0.24821437500000001 2 0.15178562499999998 0.2875 2
0 0.1984375 0.63984375 0.1125 0.1875 0.4285715625 0.20714281250000002 2 0.270535625 0.2276784375 2
0 0.1734375 0.50859375 0.153125 0.175 0.5589284375 0.23214281250000002 2 0.44821437499999994 0.12142843750000001 2
0 0.3484375 0.646875 0.159375 0.15625 0.3321428125 0.29732156249999997 2 0.39375 0.4151784375 2
0 0.1703125 0.26796875 0.203125 0.125 0.7241071875 0.241964375 2 0.7366071875 0.076785625 2
0 0.5390625 0.63515625 0.2078125 0.1 0.351785625 0.6116071875 2 0.395535625 0.4428571875 2
0 0.77734375 0.8140625 0.128125 0.184375 0.2491071875 0.7848215625 2 0.11580874999999999 0.7665440625 2
0 0.7921875 0.921875 0.128125 0.134375 0.0535715625 0.833035625 2 0.125 0.7410715625 2
0 0.74453125 0.9671875 0.1171875 0.065625 0.056985312499999996 0.7224265625 2 0.031601875 0.7409475 0
0 0.62890625 0.903125 0.18125 0.1109375 0.0723215625 0.6875 2 0.133035625 0.5482143749999999 2
0 0.65546875 0.71640625 0.178125 0.121875 0.2910715625 0.716964375 2 0.27589281250000003 0.5714284375 2
0 0.65546875 0.79140625 0.178125 0.13125 0.176785625 0.71875 2 0.260714375 0.5741071875 2
0 0.47578125 0.7234375 0.1484375 0.125 0.2589284375 0.4464284375 2 0.323214375 0.5410715625 2
0 0.5515625 0.80078125 0.1625 0.13125 0.176785625 0.623214375 2 0.2508928125 0.48660718750000004 2
0 0.6453125 0.9671875 0.128125 0.065625 0.052389687500000004 0.645220625 2 0.0320346875 0.642856875 0
0 0.53671875 0.97265625 0.1421875 0.0546875 0.026839687499999997 0.50897125 0 0.0367646875 0.473345625 2
0 0.3546875 0.9546875 0.159375 0.090625 0.044588749999999996 0.3205340625 0 0.0634190625 0.359375 2
0 0.39140625 0.559375 0.15625 0.103125 0.41428562500000005 0.45535718750000004 2 0.46875 0.3241071875 2
0 0.27421875 0.346875 0.1875 0.103125 0.6491071875000001 0.35 2 0.6723215625 0.22142843750000002 2
0 0.36015625 0.40859375 0.15625 0.075 0.5794643749999999 0.42410718750000004 2 0.6133928125 0.2901784375 2
0 0.36328125 0.46640625 0.1859375 0.0875 0.5428571875 0.4303571875 2 0.5169643749999999 0.283035625 2
0 0.46796875 0.5375 0.171875 0.09375 0.4401784375 0.5366071875 2 0.4803571875 0.3866071875 2
0 0.25234375 0.56015625 0.0625 0.1375 0.385714375 0.251785625 2 0.49553562500000004 0.241964375 2
0 0.046875 0.54453125 0.09375 0.1125 0.44716218750000003 0.0275525 0 0.442095625 0.0863971875 2
0 0.02734375 0.58125 0.0546875 0.146875 0.48125 0.0160715625 2 0.364285625 0.041964375 2
0 0.103125 0.20234375 0.184375 0.1046875 0.8133928125000001 0.175 2 0.7973215625 0.0223215625 2
0 0.47734375 0.86015625 0.1171875 0.1640625 0.2098215625 0.48214281249999996 2 0.070535625 0.4803571875 2
0 0.2625 0.42109375 0.109375 0.1125 0.6080356250000001 0.22142843750000002 2 0.5553571875000001 0.2928571875 2
0 0.0375 0.33671875 0.075 0.1359375 0.6507353124999999 0.060661875 2 0.6613240625000001 0.035307500000000006 0
0 0.0484375 0.078125 0.096875 0.11875 0.9301471875 0.08180156250000001 2 0.9200646875 0.050934375 0