0 0.21953125 0.6203125 0.1609375 0.153125 0 0 0 0 0 0
0 0.1375 0.5703125 0.10625 0.16875 0 0 0 0 0 0
0 0.2015625 0.2140625 0.175 0.121875 0 0 0 0 0 0
0 0.078125 0.35 0.15625 0.1296875 0 0 0 0 0 0
0 0.0875 0.14375 0.171875 0.140625 0 0 0 0 0 0
0 0.0859375 0.778125 0.171875 0.15625 0 0 0 0 0 0
0 0.103125 0.91953125 0.1859375 0.13125 0 0 0 0 0 0
0 0.31796875 0.92734375 0.159375 0.1453125 0 0 0 0 0 0
0 0.35390625 0.9671875 0.1859375 0.065625 0 0 0 0 0 0
0 0.42578125 0.890625 0.2015625 0.14375 0 0 0 0 0 0
0 0.60234375 0.8546875 0.184375 0.14375 0 0 0 0 0 0
0 0.709375 0.95078125 0.1546875 0.0921875 0 0 0 0 0 0
0 0.853125 0.93046875 0.184375 0.1390625 0 0 0 0 0 0
0 0.9359375 0.9328125 0.128125 0.11875 0 0 0 0 0 0
0 0.86875 0.80625 0.20625 0.1796875 0 0 0 0 0 0
0 0.7359375 0.72109375 0.209375 0.203125 0 0 0 0 0 0
0 0.9390625 0.740625 0.121875 0.175 0 0 0 0 0 0
0 0.965625 0.678125 0.06875 0.1453125 0 0 0 0 0 0
0 0.8265625 0.66171875 0.165625 0.1578125 0 0 0 0 0 0
0 0.8125 0.55859375 0.15625 0.153125 0 0 0 0 0 0
0 0.80546875 0.4578125 0.184375 0.159375 0 0 0 0 0 0
0 0.81953125 0.4078125 0.2484375 0.171875 0 0 0 0 0 0
0 0.76015625 0.2890625 0.175 0.1625 0 0 0 0 0 0
0 0.8875 0.25078125 0.1546875 0.2140625 0 0 0 0 0 0
0 0.93125 0.175 0.1375 0.1875 0 0 0 0 0 0
0 0.65390625 0.13046875 0.2125 0.1546875 0 0 0 0 0 0
0 0.53125 0.278125 0.14375 0.2171875 0 0 0 0 0 0
0 0.62421875 0.50390625 0.175 0.175 0 0 0 0 0 0
0 0.5375 0.4921875 0.13125 0.178125 0 0 0 0 0 0
0 0.46953125 0.5453125 0.1375 0.18125 0 0 0 0 0 0
0 0.36484375 0.54765625 0.1203125 0.178125 0 0 0 0 0 0
0 0.6671875 0.39609375 0.1546875 0.2 0 0 0 0 0 0
0 0.51484375 0.7125 0.175 0.1390625 0 0 0 0 0 0
0 0.8203125 0.93125 0.184375 0.1375 0 0 0 0 0 0