0 0.49921875 0.45625 0.1875 0.19375 0 0 0 0 0 0
0 0.50859375 0.32734375 0.1875 0.10625 0 0 0 0 0 0
0 0.3703125 0.6109375 0.171875 0.1234375 0 0 0 0 0 0
0 0.31328125 0.48515625 0.165625 0.0875 0 0 0 0 0 0
0 0.37109375 0.41015625 0.178125 0.103125 0 0 0 0 0 0
0 0.24609375 0.3296875 0.184375 0.140625 0 0 0 0 0 0
0 0.09609375 0.40625 0.1921875 0.1328125 0 0 0 0 0 0
0 0.09375 0.66640625 0.1875 0.1390625 0 0 0 0 0 0
0 0.1046875 0.86796875 0.209375 0.128125 0 0 0 0 0 0
0 0.52734375 0.671875 0.184375 0.140625 0 0 0 0 0 0
0 0.73046875 0.65 0.2109375 0.10625 0 0 0 0 0 0
0 0.63828125 0.80546875 0.19375 0.103125 0 0 0 0 0 0
0 0.75859375 0.35703125 0.178125 0.14375 0 0 0 0 0 0
0 0.859375 0.3890625 0.175 0.1234375 0 0 0 0 0 0
0 0.915625 0.51640625 0.1671875 0.1015625 0 0 0 0 0 0
0 0.79296875 0.5296875 0.1703125 0.1453125 0 0 0 0 0 0
0 0.7484375 0.7984375 0.11875 0.209375 0 0 0 0 0 0
0 0.82109375 0.93671875 0.1890625 0.1265625 0 0 0 0 0 0
0 0.66796875 0.93671875 0.14375 0.121875 0 0 0 0 0 0
0 0.47265625 0.76484375 0.1671875 0.140625 0 0 0 0 0 0
0 0.48359375 0.84453125 0.1609375 0.115625 0 0 0 0 0 0
0 0.5203125 0.92578125 0.1375 0.125 0 0 0 0 0 0
0 0.8296875 0.26640625 0.2046875 0.125 0 0 0 0 0 0
0 0.43515625 0.240625 0.196875 0.096875 0 0 0 0 0 0
0 0.4703125 0.13203125 0.1671875 0.165625 0 0 0 0 0 0
0 0.3171875 0.14296875 0.2 0.121875 0 0 0 0 0 0
0 0.67265625 0.07265625 0.19375 0.1421875 0 0 0 0 0 0
0 0.87890625 0.20078125 0.15 0.103125 0 0 0 0 0 0
0 0.8125 0.11875 0.196875 0.14375 0 0 0 0 0 0
0 0.0796875 0.175 0.1421875 0.1765625 0 0 0 0 0 0
0 0.94609375 0.1015625 0.10625 0.0875 0 0 0 0 0 0
0 0.96640625 0.61328125 0.0671875 0.084375 0 0 0 0 0 0
0 0.5796875 0.07265625 0.1546875 0.1453125 0 0 0 0 0 0
0 0.40234375 0.040625 0.1296875 0.08125 0 0 0 0 0 0
0 0.27109375 0.02890625 0.1265625 0.05625 0 0 0 0 0 0
0 0.1203125 0.05625 0.1265625 0.1125 0 0 0 0 0 0
0 0.04375 0.08515625 0.0875 0.115625 0 0 0 0 0 0
0 0.78203125 0.02109375 0.140625 0.0421875 0 0 0 0 0 0
0 0.96484375 0.02734375 0.06875 0.0546875 0 0 0 0 0 0
0 0.1328125 0.55703125 0.19375 0.146875 0 0 0 0 0 0
0 0.065625 0.52421875 0.13125 0.125 0 0 0 0 0 0
0 0.9734375 0.284375 0.053125 0.09375 0 0 0 0 0 0
0 0.6328125 0.98359375 0.1375 0.0328125 0 0 0 0 0 0
0 0.471875 0.975 0.15 0.05 0 0 0 0 0 0
0 0.415625 0.9109375 0.1796875 0.1171875 0 0 0 0 0 0
0 0.5734375 0.02578125 0.19375 0.05 0 0 0 0 0 0