0 0.1296875 0.95 0.1546875 0.1 0.082236875 0.1151315625 2 0.05168468750000001 0.13422875 0
0 0.33359375 0.92265625 0.1546875 0.1546875 0.12399875 0.3590409375 2 0.07960937500000001 0.33788625 0
0 0.49296875 0.93359375 0.134375 0.13125 0.11289437499999999 0.5006215625 2 0.0681684375 0.49648312499999997 0
0 0.78046875 0.9328125 0.125 0.134375 0.1165959375 0.793961875 2 0.069121875 0.784014375 0
0 0.72109375 0.746875 0.1890625 0.128125 0.2183859375 0.6597840625 2 0.30259375 0.80506625 2
0 0.95078125 0.209375 0.0984375 0.1625 0.7882693749999999 0.9311287500000001 0 0.720858125 0.9725571875 2
0 0.89609375 0.1078125 0.1171875 0.1625 0.967005 0.9466468750000001 2 0.818946875 0.847633125 2
0 0.628125 0.16015625 0.2 0.1703125 0.8920503125 0.6690378124999999 2 0.763425 0.5700240625 2
0 0.3046875 0.06015625 0.1484375 0.1203125 0.9216621875 0.34331 2 0.9381925000000001 0.3085571875 0
0 0.175 0.3890625 0.109375 0.175 0.5320840625 0.1776696875 2 0.6893959375 0.2100575 2
0 0.13203125 0.1578125 0.125 0.165625 0.8901996875 0.1489834375 2 0.7643503125 0.0879096875 2
0 0.04453125 0.1171875 0.0890625 0.175 0.8863581249999999 0.062635625 0 0.9484975 0.0703275 2