0 0.84765625 0.6953125 0.15 0.2109375 0.2223215625 0.8598215625 2 0.3964284375 0.8428571874999999 2
0 0.9125 0.88984375 0.1515625 0.2 0.033928437500000005 0.8910715625 2 0.18571437500000001 0.9625 2
0 0.70390625 0.91796875 0.128125 0.1640625 0 0.6973215625 2 0.1446428125 0.716964375 2
0 0.88984375 0.2578125 0.1953125 0.215625 0.6723215625 0.851785625 2 0.8053571875 0.945535625 2
0 0.89453125 0.27734375 0.1359375 0.203125 0.7628675 0.8630515624999999 2 0.64375 0.9366071874999999 2
0 0.97265625 0.36796875 0.0546875 0.1515625 0.598345625 0.97794125 2 0.6298431250000001 0.971255 0
0 0.49765625 0.365625 0.1578125 0.140625 0.6464284375 0.5598215625 2 0.5866071875000001 0.42410718750000004 2
0 0.42578125 0.26171875 0.159375 0.16875 0.6821428125 0.379464375 2 0.8 0.4875 2
0 0.2015625 0.51328125 0.165625 0.125 0.4803571875 0.133035625 2 0.49196437499999995 0.258035625 1
0 0.31953125 0.46015625 0.15 0.15625 0.4973215625 0.26696437500000003 1 0.6008928124999999 0.370535625 2
0 0.30703125 0.32890625 0.1234375 0.184375 0.6008928124999999 0.3258928125 2 0.7276784375 0.29375 1
0 0.28515625 0.22109375 0.09375 0.178125 0.70625 0.283035625 1 0.8419643750000001 0.2714284375 2
0 0.203125 0.25078125 0.1453125 0.1953125 0.6928571875 0.24732156249999998 2 0.8223215625 0.176785625 2
0 0.08359375 0.6765625 0.1671875 0.1625 0.30625 0 2 0.35089281250000004 0.145535625 2
0 0.0953125 0.45078125 0.14375 0.1921875 0.4946428125 0.0625 2 0.626785625 0.1401784375 2
0 0.19296875 0.07890625 0.15 0.1578125 0.875 0.185661875 2 0.9185878125 0.1891615625 0
0 0.31171875 0.09921875 0.1265625 0.14375 0.8446428125000001 0.28839281250000004 2 0.95 0.3428571875 2
0 0.38828125 0.11484375 0.1328125 0.18125 0.8125 0.36071437500000003 2 0.9625 0.42410718750000004 2
0 0.49296875 0.09765625 0.1796875 0.1078125 0.9089284375 0.4178571875 2 0.8964284375 0.5616071875 2
0 0.0453125 0.07578125 0.090625 0.1515625 0.886029375 0.025735312500000003 2 0.9218075000000001 0.042584375 0
0 0.0359375 0.4234375 0.071875 0.2046875 0.5732415625 0.021746875 0 0.66268375 0.052389687500000004 2
0 0.56171875 0.03984375 0.1609375 0.0796875 0.9494484375000001 0.498161875 2 0.9944853124999999 0.6305146875000001 2
0 0.05546875 0.87421875 0.1109375 0.1546875 0.170036875 0.0772059375 2 0.12310625 0.052703124999999997 0