0 0.27734375 0.56796875 0.14140625 0.18984375 0.2625 0.48125 2 0.2946428125 0.6410715625 2
0 0.16953125 0.67265625 0.16328125 0.19609375 0.1339284375 0.6053571875 2 0.21428562499999998 0.7598215625 2
0 0.4 0.59609375 0.19296875 0.11640625 0.3214284375 0.60625 2 0.4803571875 0.589285625 2
0 0.5375 0.7203125 0.14453125 0.17421875 0.5205356250000001 0.6625 2 0.5964284375 0.79375 2
0 0.62421875 0.64921875 0.15390625 0.17109375 0.591964375 0.6 2 0.6928571875 0.7258928124999999 2
0 0.4015625 0.87734375 0.11328125 0.17265625 0.385714375 0.8196428125 2 0.42142843750000003 0.95625 2
0 0.2828125 0.9625 0.15 0.075 0.23035718749999998 0.9571428125000001 2 0.35089281250000004 0.9732143750000001 2
0 0.02578125 0.94140625 0.0515625 0.0859375 0.025108125 0.92411625 0 0.046875 0.9246325000000001 2
0 0.47734375 0.94375 0.1234375 0.1125 0.451286875 0.9044118750000001 2 0.4758115625 0.940625 0
0 0.58203125 0.93671875 0.13984375 0.12578125 0.5661765625 0.9071690625000001 2 0.5795725 0.9335565625 0
0 0.6828125 0.8796875 0.1234375 0.21015625 0.683035625 0.8035715625 2 0.689285625 0.9758928125 2
0 0.80859375 0.9328125 0.1328125 0.13359375 0.7941175 0.890625 2 0.8064665625 0.9293153125 0
0 0.92578125 0.921875 0.1484375 0.1375 0.8823528125 0.973345625 2 0.9241071875 0.9189234374999999 0
0 0.80390625 0.828125 0.18046875 0.13828125 0.7366071875 0.7875 2 0.8803571874999999 0.866964375 2
0 0.85 0.78203125 0.1625 0.18203125 0.8178571874999999 0.710714375 2 0.916964375 0.8598215625 2
0 0.5171875 0.53984375 0.1671875 0.1078125 0.4446428125 0.51875 2 0.595535625 0.5508928125 2
0 0.6640625 0.54296875 0.17734375 0.1359375 0.5932590624999999 0.5185268749999999 2 0.713125 0.5615625 2
0 0.76640625 0.5765625 0.19765625 0.09140625 0.6928571875 0.564285625 2 0.8589284375 0.5866071875000001 2
0 0.78671875 0.5125 0.15234375 0.0734375 0.7160715625 0.5178571875 2 0.858035625 0.529464375 2
0 0.70703125 0.4328125 0.22109375 0.12421875 0.6133928125 0.4276784375 2 0.8053571875 0.4321428125 2
0 0.73203125 0.42578125 0.1546875 0.1296875 0.695535625 0.38214281250000004 2 0.79375 0.48392843750000003 2
0 0.50390625 0.38359375 0.18125 0.14140625 0.4616071875 0.3616071875 2 0.5803571875 0.4446428125 2
0 0.5359375 0.25 0.19609375 0.14140625 0.4651784375 0.2178571875 2 0.6214284375 0.301785625 2
0 0.82109375 0.2546875 0.26796875 0.1578125 0.7152046875 0.226759375 2 0.9375 0.27205875 2
0 0.9578125 0.23828125 0.08359375 0.125 0.9650734375000001 0.203125 2 0.9572240624999999 0.2344990625 0
0 0.93046875 0.14453125 0.1390625 0.109375 0.9282468749999999 0.1226284375 0 0.863970625 0.151654375 2
0 0.8734375 0.0625 0.1421875 0.12421875 0.8714971874999999 0.0376146875 0 0.9292278125 0.10477937500000001 2
0 0.73984375 0.03984375 0.1828125 0.0796875 0.8125 0.014285625 2 0.6553571875 0.0258928125 2
0 0.57421875 0.1078125 0.18046875 0.13984375 0.5160715625 0.073214375 2 0.6508928125 0.1651784375 2
0 0.43125 0.1390625 0.19296875 0.14765625 0.3758928125 0.1 2 0.4973215625 0.1973215625 2
0 0.175 0.0703125 0.19453125 0.11953125 0.09375 0.05 2 0.260714375 0.1 2
0 0.1515625 0.2171875 0.18984375 0.12890625 0.0848215625 0.18571437500000001 2 0.23839281250000002 0.2526784375 2
0 0.11875 0.315625 0.1734375 0.13671875 0.0589284375 0.2848215625 2 0.2 0.376785625 2
0 0.0421875 0.53984375 0.08359375 0.15546875 0.040692812499999995 0.509446875 0 0.05606625 0.609375 2
0 0.02578125 0.4203125 0.0515625 0.11484375 0.025120937500000003 0.3979840625 0 0.0340075 0.46783093750000004 2
0 0.02109375 0.30625 0.0421875 0.06875 0.0207790625 0.29372 0 0.03768375 0.2913603125 2
0 0.02890625 0.690625 0.0578125 0.05625 0.028138437500000002 0.6794981250000001 0 0.05422781250000001 0.701286875 2
0 0.96640625 0.615625 0.0671875 0.10625 0.9522059374999999 0.6461396875000001 2 0.965963125 0.61267375 0
0 0.9609375 0.69140625 0.07734375 0.06328125 0.9852940625000001 0.682904375 0 0.9375 0.689338125 2
0 0.07265625 0.10546875 0.14453125 0.13828125 0 0.057904374999999994 2 0.1259190625 0.160845625 2
0 0.95703125 0.97578125 0.0859375 0.0453125 0.953125 0.9724265624999999 2 0.9705881249999999 0.984375 0
0 0.89921875 0.75546875 0.17890625 0.134375 0.948529375 0.7306984375 2 0.8198528125 0.79044125 2