0 0.46328125 0.4609375 0.19375 0.13359375 0.3848215625 0.466964375 2 0.5535715625 0.4401784375 2
0 0.46328125 0.78046875 0.25390625 0.15703125 0.5401784375 0.823214375 2 0.3839284375 0.7357143749999999 2
0 0.5765625 0.9375 0.0875 0.125 0.57546 0.9133968749999999 0 0.5772059375 0.88143375 2
0 0.7453125 0.7484375 0.1375 0.2109375 0.7276784375 0.7964284375 2 0.7839284375 0.6535715625 2
0 0.8578125 0.46953125 0.21328125 0.15234375 0.9303571875 0.4785715625 2 0.7598215625 0.4883928125 2
0 0.9203125 0.59921875 0.13359375 0.2125 0.9160715625 0.6660715625 2 0.9160715625 0.5008928125 2
0 0.50390625 0.040625 0.21328125 0.08125 0.5007846875 0.0245528125 0 0.40533093750000004 0.04044125 2
0 0.23203125 0.02890625 0.1203125 0.05703125 0.1976103125 0.0340075 2 0.22987031249999998 0.026984374999999998 0
0 0.959375 0.42734375 0.08125 0.1390625 0.9770221875 0.451286875 2 0.9586040625000001 0.424280625 0
0 0.70546875 0.3109375 0.1375 0.1921875 0.70625 0.3866071875 2 0.7125 0.225 2
0 0.5765625 0.27578125 0.20078125 0.15078125 0.65 0.2901784375 2 0.48125 0.2401784375 2