0 0.14609375 0.3265625 0.1625 0.2125 0 0 0 0 0 0
0 0.075 0.63046875 0.15 0.175 0 0 0 0 0 0
0 0.19453125 0.88515625 0.15625 0.15625 0 0 0 0 0 0
0 0.36328125 0.7296875 0.11875 0.1828125 0 0 0 0 0 0
0 0.38828125 0.94765625 0.1546875 0.1046875 0 0 0 0 0 0
0 0.46796875 0.83984375 0.125 0.1890625 0 0 0 0 0 0
0 0.56640625 0.87734375 0.128125 0.2046875 0 0 0 0 0 0
0 0.56640625 0.63984375 0.2140625 0.159375 0 0 0 0 0 0
0 0.67578125 0.371875 0.18125 0.1953125 0 0 0 0 0 0
0 0.7015625 0.14296875 0.125 0.1796875 0 0 0 0 0 0
0 0.56328125 0.08984375 0.16875 0.1796875 0 0 0 0 0 0
0 0.80390625 0.32109375 0.1375 0.2046875 0 0 0 0 0 0
0 0.90859375 0.33203125 0.153125 0.14375 0 0 0 0 0 0
0 0.9453125 0.4671875 0.109375 0.19375 0 0 0 0 0 0
0 0.93515625 0.70078125 0.1296875 0.1421875 0 0 0 0 0 0
0 0.1109375 0.0296875 0.1109375 0.059375 0 0 0 0 0 0
0 0.02890625 0.23203125 0.0578125 0.071875 0 0 0 0 0 0