0 0.234375 0.20546875 0.175 0.1265625 0.28920406249999997 0.1722675 2 0.1551546875 0.2629646875 2
0 0.1203125 0.31484375 0.1796875 0.1640625 0.162 0.3536615625 2 0.058183125 0.239006875 2
0 0.08515625 0.40390625 0.1703125 0.11328125 0.142035 0.3730559375 2 0.0028521874999999997 0.4363728125 2
0 0.22421875 0.328125 0.11875 0.1578125 0.20307031250000002 0.2658165625 2 0.2680984375 0.40157718750000004 2
0 0.3 0.28515625 0.15390625 0.12578125 0.2429996875 0.25840125 2 0.37248562500000004 0.301753125 2
0 0.9 0.3625 0.2 0.16796875 0.962301875 0.32114750000000003 2 0.8048653124999999 0.407851875 2
0 0.7875 0.54375 0.190625 0.12578125 0.872745625 0.5310628125 2 0.702189375 0.523076875 2
0 0.928125 0.5640625 0.14375 0.10859375 0.9259228125 0.5427084375 0 0.862478125 0.5841121874999999 2
0 0.7171875 0.734375 0.20859375 0.13203125 0.6422953125 0.723865625 2 0.8174146875 0.7318515624999999 2
0 0.85 0.88125 0.1921875 0.140625 0.79231625 0.842513125 2 0.9417665625 0.9269356249999999 2
0 0.671875 0.85078125 0.1015625 0.09609375 0.709605 0.825400625 2 0.6280346875 0.8670415625000001 2
0 0.7390625 0.86640625 0.1046875 0.1765625 0.7244359375 0.790605 2 0.784900625 0.9491821874999999 2
0 0.70625 0.92734375 0.134375 0.1453125 0.6793725 0.8967034375 2 0.707323125 0.925224375 0
0 0.625 0.95546875 0.125 0.0890625 0.588675625 0.94633 2 0.623575 0.9536109375 0
0 0.3265625 0.9265625 0.12578125 0.146875 0.31601375 0.8864356250000001 2 0.3246565625 0.9226021875000001 0
0 0.1765625 0.94140625 0.19140625 0.09921875 0.1386125 0.962301875 2 0.261253125 0.9218018750000001 2
0 0.096875 0.959375 0.19375 0.08046875 0.0131196875 0.960590625 2 0.094033125 0.9575246875 0
0 0.078125 0.88515625 0.15546875 0.10703125 0.075503125 0.8640818749999999 0 0.1523028125 0.8544921875 2
0 0.23828125 0.8171875 0.18671875 0.13046875 0.17626031250000002 0.7980203125 2 0.32114750000000003 0.8459359375 2
0 0.10234375 0.78671875 0.18203125 0.1328125 0.1796828125 0.7934568750000001 2 0.014260624999999999 0.77064 2
0 0.0578125 0.703125 0.115625 0.10625 0.09297875 0.686788125 2 0.056420000000000005 0.7012546875 0
0 0.21875 0.65234375 0.1703125 0.23203125 0.182535 0.5915275 2 0.2943378125 0.7415484375 2
0 0.0859375 0.59765625 0.17109375 0.11953125 0.1625703125 0.5835415625 2 0.08297062499999999 0.5944746875 0
0 0.934375 0.18828125 0.13046875 0.11484375 0.8915696875 0.17626031250000002 1 0.9326815625 0.1847690625 0
0 0.8390625 0.15859375 0.15625 0.13046875 0.7980203125 0.1831053125 2 0.9121046875 0.1745490625 2