0 0.51171875 0.4015625 0.1734375 0.1796875 0.5482143749999999 0.5758928125 2 0.679464375 0.4348215625 2
0 0.64453125 0.61875 0.153125 0.203125 0.4571428125 0.6535715625 2 0.2848215625 0.63125 2
0 0.5640625 0.75390625 0.15 0.1890625 0.2946428125 0.598214375 2 0.16339281249999998 0.498214375 2
0 0.853125 0.90078125 0.2125 0.1546875 0.0714284375 0.785714375 2 0.1571428125 0.9491071874999999 2
0 0.940625 0.32734375 0.11875 0.1703125 0.598214375 0.9973215625 2 0.751785625 0.9178571874999999 2
0 0.52734375 0.60546875 0.14375 0.18125 0.325 0.48928562500000006 2 0.47321437499999996 0.5741071875 2
0 0.425 0.71796875 0.140625 0.20625 0.36964281250000003 0.4401784375 2 0.18482156249999998 0.4348215625 2
0 0.41171875 0.61640625 0.153125 0.20625 0.4633928125 0.46785718750000005 2 0.3026784375 0.351785625 2
0 0.346875 0.49609375 0.159375 0.159375 0.56875 0.395535625 2 0.42946437499999995 0.3125 2
0 0.2453125 0.74921875 0.159375 0.2 0.3214284375 0.2785715625 2 0.1571428125 0.176785625 2
0 0.2390625 0.9515625 0.096875 0.096875 0.0467534375 0.2202109375 0 0.0863971875 0.23161749999999998 2
0 0.25234375 0.390625 0.140625 0.16875 0.6767856250000001 0.273214375 2 0.5321428125 0.22142843750000002 2
0 0.16875 0.10390625 0.13125 0.20625 0.96875 0.16875 2 0.7982143749999999 0.16339281249999998 2
0 0.09921875 0.3265625 0.1375 0.178125 0.7464284375 0.12142843750000001 2 0.5910715625 0.064285625 2
0 0.1140625 0.4875 0.153125 0.18125 0.5821428125 0.1553571875 2 0.44196437499999996 0.0535715625 2
0 0.05625 0.06171875 0.1125 0.1234375 0.94669125 0.0836396875 2 0.9365259375000001 0.053125 0
0 0.03203125 0.23515625 0.0640625 0.153125 0.710714375 0.008035625000000001 2 0.8366071875 0.035714375 2
0 0.02890625 0.35703125 0.05625 0.1375 0.6976103124999999 0.013786875 2 0.6409903124999999 0.026996562499999998 0
0 0.0390625 0.58671875 0.0765625 0.15 0.363970625 0.042279375 2 0.41095781249999996 0.036905 0
0 0.06328125 0.70703125 0.1265625 0.13125 0.3308825 0.10386031250000001 2 0.290855 0.0598709375 0
0 0.07265625 0.859375 0.1125 0.1984375 0.21607156249999998 0.0714284375 2 0.049107187499999996 0.057142812499999994 2
0 0.4703125 0.090625 0.13125 0.18125 1 0.4632353125 2 0.8253674999999999 0.49632343749999996 2
0 0.61328125 0.1609375 0.140625 0.1875 0.7839284375 0.6339284375 2 0.9258928125000001 0.5633928125 2
0 0.76484375 0.14921875 0.14375 0.125 0.8964284375 0.820535625 2 0.801785625 0.710714375 2
0 0.70859375 0.078125 0.1625 0.140625 0.8758928125000001 0.75625 2 0.9758928125 0.6419643749999999 2
0 0.1625 0.6734375 0.165625 0.1484375 0.2848215625 0.2178571875 2 0.39017843750000003 0.0883928125 2