0 0.91171875 0.196875 0.1359375 0.1890625 0 0 0 0 0 0
0 0.87421875 0.05703125 0.146875 0.1125 0 0 0 0 0 0
0 0.97109375 0.0734375 0.05625 0.0796875 0 0 0 0 0 0
0 0.9703125 0.02109375 0.059375 0.040625 0 0 0 0 0 0
0 0.946875 0.42265625 0.10625 0.184375 0 0 0 0 0 0
0 0.8859375 0.48671875 0.16875 0.134375 0 0 0 0 0 0
0 0.953125 0.6984375 0.09375 0.171875 0 0 0 0 0 0
0 0.93984375 0.79375 0.1203125 0.121875 0 0 0 0 0 0
0 0.934375 0.90546875 0.13125 0.1203125 0 0 0 0 0 0
0 0.85546875 0.96875 0.084375 0.0625 0 0 0 0 0 0
0 0.8140625 0.91796875 0.115625 0.15625 0 0 0 0 0 0
0 0.81796875 0.82890625 0.1640625 0.1265625 0 0 0 0 0 0
0 0.85 0.71015625 0.121875 0.203125 0 0 0 0 0 0
0 0.7390625 0.83671875 0.1375 0.18125 0 0 0 0 0 0
0 0.71015625 0.715625 0.171875 0.1390625 0 0 0 0 0 0
0 0.66328125 0.67421875 0.128125 0.16875 0 0 0 0 0 0
0 0.7625 0.52109375 0.14375 0.2 0 0 0 0 0 0
0 0.66328125 0.5578125 0.175 0.1765625 0 0 0 0 0 0
0 0.7578125 0.31171875 0.1796875 0.125 0 0 0 0 0 0
0 0.79375 0.1453125 0.121875 0.153125 0 0 0 0 0 0
0 0.703125 0.190625 0.1140625 0.165625 0 0 0 0 0 0
0 0.7078125 0.04296875 0.096875 0.084375 0 0 0 0 0 0
0 0.6453125 0.08359375 0.096875 0.1671875 0 0 0 0 0 0
0 0.60703125 0.190625 0.09375 0.1609375 0 0 0 0 0 0
0 0.6171875 0.2671875 0.1546875 0.1203125 0 0 0 0 0 0
0 0.5828125 0.0609375 0.09375 0.121875 0 0 0 0 0 0
0 0.5140625 0.08984375 0.1 0.171875 0 0 0 0 0 0
0 0.50234375 0.2625 0.125 0.171875 0 0 0 0 0 0
0 0.44375 0.11796875 0.0890625 0.1640625 0 0 0 0 0 0
0 0.40625 0.03671875 0.0625 0.0734375 0 0 0 0 0 0
0 0.328125 0.05703125 0.1375 0.1140625 0 0 0 0 0 0
0 0.21796875 0.03203125 0.1 0.0625 0 0 0 0 0 0
0 0.253125 0.16953125 0.175 0.1390625 0 0 0 0 0 0
0 0.1640625 0.1296875 0.1125 0.15 0 0 0 0 0 0
0 0.19609375 0.30234375 0.1203125 0.171875 0 0 0 0 0 0
0 0.29375 0.52265625 0.1375 0.171875 0 0 0 0 0 0
0 0.38671875 0.59921875 0.14375 0.196875 0 0 0 0 0 0
0 0.1765625 0.59296875 0.14375 0.178125 0 0 0 0 0 0
0 0.05234375 0.609375 0.103125 0.1734375 0 0 0 0 0 0
0 0.0640625 0.76796875 0.128125 0.18125 0 0 0 0 0 0
0 0.059375 0.48046875 0.109375 0.14375 0 0 0 0 0 0
0 0.05703125 0.34140625 0.1140625 0.21875 0 0 0 0 0 0
0 0.03359375 0.16640625 0.065625 0.2078125 0 0 0 0 0 0
0 0.09453125 0.1515625 0.0890625 0.178125 0 0 0 0 0 0
0 0.04765625 0.96328125 0.0765625 0.0734375 0 0 0 0 0 0
0 0.15390625 0.76015625 0.1328125 0.1875 0 0 0 0 0 0
0 0.2109375 0.8828125 0.1171875 0.2265625 0 0 0 0 0 0
0 0.24921875 0.7453125 0.11875 0.1828125 0 0 0 0 0 0
0 0.30859375 0.8796875 0.0796875 0.2 0 0 0 0 0 0
0 0.33359375 0.96953125 0.0765625 0.0609375 0 0 0 0 0 0
0 0.38671875 0.9078125 0.0921875 0.153125 0 0 0 0 0 0
0 0.43046875 0.95546875 0.1125 0.0890625 0 0 0 0 0 0
0 0.56484375 0.93984375 0.128125 0.11875 0 0 0 0 0 0
0 0.575 0.48671875 0.1296875 0.1421875 0 0 0 0 0 0
0 0.48359375 0.440625 0.09375 0.1796875 0 0 0 0 0 0
0 0.49375 0.56953125 0.0828125 0.1546875 0 0 0 0 0 0
0 0.55 0.65 0.16875 0.1484375 0 0 0 0 0 0
0 0.97734375 0.07109375 0.0453125 0.071875 0 0 0 0 0 0