0 0.5640625 0.565625 0.11328125 0.22265625 0.564285625 0.4741071875 2 0.58125 0.6669643749999999 2
0 0.678125 0.3796875 0.20625 0.14296875 0.7678571875 0.36875 2 0.5830356250000001 0.3973215625 2
0 0.71640625 0.1828125 0.18125 0.1484375 0.7803571875 0.1741071875 2 0.6303571875 0.2 2
0 0.321875 0.11328125 0.20078125 0.1265625 0.3839284375 0.0875 2 0.225 0.1125 2
0 0.1171875 0.19921875 0.19296875 0.12109375 0.179464375 0.1866071875 2 0.0303571875 0.204464375 2
0 0.21484375 0.31171875 0.13046875 0.15390625 0.2616071875 0.376785625 2 0.1741071875 0.2339284375 2
0 0.171875 0.40390625 0.1953125 0.12265625 0.23125 0.42410718750000004 2 0.08035718750000001 0.373214375 2
0 0.05 0.4109375 0.1 0.13515625 0.08731625 0.42279406249999996 2 0.04856125 0.40741562499999995 0
0 0.115625 0.7234375 0.16171875 0.1625 0.1571428125 0.7678571875 2 0.040178437500000004 0.6446428125 2
0 0.28828125 0.57578125 0.2 0.13359375 0.2035715625 0.570535625 2 0.375 0.560714375 2
0 0.31796875 0.73125 0.16171875 0.17109375 0.375 0.6839284375 2 0.2464284375 0.8071428125000001 2
0 0.50390625 0.79140625 0.15390625 0.12734375 0.5651784375 0.79375 2 0.42678562500000006 0.7982143749999999 2
0 0.4046875 0.884375 0.18125 0.1578125 0.44553562500000005 0.8428571874999999 2 0.32678562499999997 0.954464375 2
0 0.27265625 0.8578125 0.1953125 0.15703125 0.34910718749999997 0.8142856249999999 2 0.1821428125 0.9214284375 2