0 0.6375 0.2203125 0.1234375 0.23046875 0.6535715625 0.1446428125 2 0.6116071875 0.3 2
0 0.58515625 0.4171875 0.18046875 0.16953125 0.5348215625 0.38214281250000004 2 0.6616071875 0.48928562500000006 2
0 0.3953125 0.45859375 0.14921875 0.1765625 0.420535625 0.4008928125 2 0.34375 0.5410715625 2
0 0.50234375 0.58828125 0.14296875 0.19453125 0.466964375 0.5169643749999999 2 0.5616071875 0.6785715625 2
0 0.38125 0.6046875 0.1265625 0.17890625 0.364285625 0.5428571875 2 0.4 0.685714375 2
0 0.153125 0.68125 0.1453125 0.19296875 0.1883928125 0.6241071875 2 0.0901784375 0.7696428125 2
0 0.3328125 0.8203125 0.15625 0.1765625 0.3776784375 0.7741071875000001 2 0.27410718749999996 0.9053571874999999 2
0 0.1421875 0.8546875 0.11796875 0.175 0.166964375 0.7910715625 2 0.0973215625 0.93125 2
0 0.240625 0.83828125 0.16875 0.11640625 0.1678571875 0.8392856249999999 2 0.31785718749999997 0.8026784375 2
0 0.14765625 0.95859375 0.20546875 0.08203125 0.0660715625 0.96875 2 0.23839281250000002 0.9803571874999999 2
0 0.36171875 0.965625 0.15546875 0.06875 0.3290440625 0.96875 2 0.3592534375 0.9637153125 0
0 0.79296875 0.8171875 0.20625 0.1421875 0.86875 0.7973215625 2 0.7026784375 0.8348215625 2
0 0.9578125 0.75390625 0.08359375 0.17890625 0.9503674999999999 0.8023896875000001 2 0.9567640624999999 0.74861125 0
0 0.75390625 0.62890625 0.18515625 0.17734375 0.7017856250000001 0.58125 2 0.8348215625 0.70625 2
0 0.6671875 0.70390625 0.1703125 0.1328125 0.7375 0.6589284375 2 0.5928571875 0.7508928125 2
0 0.925 0.425 0.13203125 0.17109375 0.9491071874999999 0.3633928125 2 0.8696428125000001 0.504464375 2
0 0.92109375 0.3171875 0.15703125 0.13515625 0.9875 0.2875 2 0.85 0.35803562499999997 2
0 0.79921875 0.21875 0.1265625 0.16640625 0.8348215625 0.1571428125 2 0.7785715625 0.28839281250000004 2
0 0.94765625 0.184375 0.1046875 0.17265625 1 0.1196428125 2 0.9089284375 0.260714375 2
0 0.7953125 0.08359375 0.13125 0.1671875 0.8223215625 0.0428571875 2 0.7410715625 0.15803562499999999 2
0 0.8890625 0.11328125 0.16484375 0.11484375 0.9428571874999999 0.064285625 2 0.8401784375 0.16339281249999998 2
0 0.9140625 0.0390625 0.10625 0.07734375 0.9122293750000001 0.023473749999999998 0 0.89981625 0.06617656250000001 2
0 0.0265625 0.821875 0.053125 0.159375 0.0259740625 0.79088375 0 0.0119484375 0.890625 2
0 0.8734375 0.21875 0.06328125 0.115625 0.8758928125000001 0.176785625 2 0.875 0.26428562499999997 2
0 0.95546875 0.98515625 0.0890625 0.0296875 0.9545453125 0.9794762499999999 0 0.9227940625000001 0.9806984375000001 2